Event	Astro_ependymal	Cerebellum	Cholinergic_monoaminergic	Cortex_hippocampus_thalamus	Cortex_hippocampus	di_mesencephalon_1	di_mesencephalon_2	Ensheathing_satelliteGlia	Granule_neurons	Hindbrain	Immune	Medium_spiny_neurons	Neuroblasts_1	Neuroblasts_2	Olfactory_bulb	Oligo_dendrocyte	Peptidergic	Spinal_cord_1	Spinal_cord_2	Vascular
Cartpt	0	0	1	0	0	1	0	0	0	0	0	0	0	0	0	0	0	0	0	0
Gm15469	0	0	1	0	0	0	0	0	0	0	0	0	0	0	0	0	0	0	0	0
Pmch	0	0	1	0	0	0	0	0	0	0	0	0	0	0	0	0	0	0	0	0
Ly6a	0	0	0	0	0	0	0	0	0	0	0	0	0	0	0	0	0	0	0	1
Fibcd1	0	0	0	0	0	0	1	0	0	0	0	0	0	0	0	0	0	0	0	0
Slc6a5	0	1	0	0	0	0	1	0	0	1	0	0	0	0	0	0	0	0	0	0
Fam183b	0	0	0	0	0	0	0	0	0	0	0	0	0	0	0	0	1	0	0	0
Nts	0	0	0	0	0	0	0	0	0	0	0	0	0	0	0	0	1	0	1	0
Syce2	0	0	0	0	0	0	0	0	0	0	0	0	1	0	0	0	0	0	0	0
Cox6a2	0	0	1	1	0	0	0	0	0	0	0	0	0	0	0	0	0	0	0	0
5031425F14Rik	0	0	1	0	0	0	0	0	0	0	0	0	0	0	0	0	0	0	0	0
Gata3	0	0	0	0	0	0	1	0	0	0	0	0	0	0	0	0	1	0	0	0
6330403A02Rik	0	0	0	0	1	0	0	0	0	0	0	0	0	0	0	0	0	0	0	0
Cited1	0	0	0	0	0	0	0	0	0	0	0	0	0	0	0	0	1	0	0	0
Skor1	0	0	0	0	0	0	0	0	0	0	0	0	0	0	0	0	0	1	0	0
Pbx3	0	0	0	0	0	0	0	0	0	0	0	0	0	0	1	0	0	0	0	0
Ccdc80	0	0	0	0	0	0	0	1	0	0	0	0	0	0	0	0	0	0	0	0
Fam159b	0	0	0	0	0	0	0	0	0	0	0	0	0	0	0	0	0	1	0	0
Nr3c2	0	0	0	0	0	0	0	0	1	0	0	0	0	0	0	0	0	0	0	0
Cdca7	0	0	0	0	0	0	0	0	0	0	0	0	1	0	0	0	0	0	0	0
Krt15	1	0	0	0	0	0	0	0	0	0	0	0	0	0	0	0	0	0	0	0
Cidea	0	0	0	1	0	0	0	0	0	0	0	0	0	0	0	0	0	0	0	0
Lhx6	0	0	0	1	0	0	0	0	0	0	0	0	0	0	0	0	0	0	0	0
Cbln3	0	1	0	0	0	0	0	0	0	0	0	0	0	0	0	0	0	0	0	0
Pgr15l	0	0	1	0	0	0	0	0	0	0	0	0	0	0	0	0	0	0	0	0
Hoxb6	0	0	0	0	0	0	0	0	0	0	0	0	0	0	0	0	0	1	1	0
Hoxb2	0	0	0	0	0	0	0	0	0	0	0	0	0	0	0	0	0	1	1	0
Scn1a	0	0	0	0	0	1	0	0	0	0	0	0	0	0	0	0	0	0	0	0
Tekt5	0	0	0	0	1	0	0	0	0	0	0	0	0	0	0	0	0	0	0	0
Lypd6b	0	0	0	1	0	1	0	0	0	0	0	0	0	0	0	0	0	0	0	0
Ucma	0	0	0	0	0	0	0	0	0	1	0	0	0	0	0	0	0	0	0	0
Parm1	0	0	0	1	0	0	0	0	0	0	0	0	0	0	0	0	0	0	0	0
Penk	0	0	0	0	0	0	0	0	0	0	0	1	0	0	0	0	0	0	0	0
Apoc1	1	0	0	0	0	0	0	0	0	0	0	0	0	0	0	0	0	0	0	0
Mia	0	1	0	0	0	0	0	0	0	0	0	0	0	0	0	0	0	0	0	0
Wipf3	0	0	0	0	1	0	0	0	0	0	0	0	0	0	0	0	0	0	0	0
Drd5	0	0	0	0	0	1	0	0	0	0	0	0	0	0	0	0	0	0	0	0
1110032F04Rik	0	0	0	0	1	0	0	0	0	0	0	0	0	0	0	0	0	0	0	0
Igsf1	1	0	0	0	0	0	0	0	0	0	0	0	0	0	0	0	0	0	0	0
Efhd1	0	0	0	0	0	0	0	0	0	0	0	0	0	0	0	1	0	0	0	0
Tfap2b	0	0	1	0	0	0	1	0	0	1	0	0	0	0	0	0	0	0	0	0
Lgals9	0	0	0	0	0	0	0	0	0	0	0	0	0	0	0	0	0	1	0	0
Zic1	0	0	0	0	0	0	0	0	0	0	0	0	0	0	0	0	1	0	0	0
Nccrp1	0	0	0	0	0	0	0	0	0	0	0	0	0	0	1	0	0	0	0	0
Sstr2	0	0	0	0	0	0	0	0	0	0	0	0	0	0	0	0	0	1	0	0
Car8	0	1	0	0	0	0	0	0	0	0	0	0	0	0	0	0	0	0	0	0
Kcnc2	0	0	0	1	0	0	0	0	0	0	0	0	0	0	0	0	0	0	0	0
Lmo3	0	0	0	0	1	0	0	0	0	0	0	0	0	0	0	0	0	0	0	0
Inhba	0	0	0	0	0	0	0	0	0	0	0	0	0	0	1	0	0	0	0	0
Cacna2d2	0	0	0	0	0	0	0	0	0	0	0	0	0	0	0	0	1	0	0	0
Sv2c	0	0	0	0	0	0	1	0	0	0	0	0	0	0	0	0	0	0	0	0
Gjb6	1	0	0	0	0	0	0	0	0	0	0	0	0	0	0	0	0	0	0	0
Gm27199	0	0	0	0	0	0	1	0	0	0	0	0	0	0	0	0	0	0	0	0
Nrep	0	1	0	0	1	0	0	0	0	0	0	0	0	0	0	0	0	0	0	0
Pcsk5	0	0	0	0	0	0	0	0	0	0	0	0	0	0	0	0	0	1	0	0
Irx2	0	0	0	0	0	0	0	0	0	1	0	0	0	0	0	0	0	0	0	0
Gpx3	0	0	0	0	0	0	0	0	0	0	0	0	0	0	0	0	1	0	0	0
P2ry14	0	0	0	0	0	0	0	0	0	0	0	0	0	0	0	0	0	0	0	1
A230065H16Rik	0	0	0	0	0	0	0	0	0	0	0	0	0	0	0	0	1	0	0	0
Epha7	0	0	0	1	0	0	0	0	0	0	0	0	0	0	0	0	0	0	0	0
Gpr88	0	0	0	0	0	1	0	0	0	0	0	1	0	0	0	0	0	0	0	0
Dhh	0	0	0	0	0	0	0	1	0	0	0	0	0	0	0	0	0	0	0	0
Slc30a3	0	0	0	0	1	0	0	0	0	0	0	0	0	0	0	0	0	0	0	0
Notch3	0	0	0	0	0	0	0	0	0	0	0	0	0	0	0	0	0	0	0	1
Sapcd2	0	0	0	0	0	0	0	1	0	0	0	0	0	0	0	0	0	0	0	0
Fam184a	0	0	0	0	0	0	0	0	0	0	0	0	0	0	1	0	0	0	0	0
Drd1	0	0	0	0	0	0	0	0	0	0	0	1	0	0	0	0	0	0	0	0
Lhx1	0	0	0	0	0	0	1	0	0	0	0	0	0	0	0	0	0	1	0	0
Npffr1	0	0	0	0	0	0	1	0	0	0	0	0	0	0	0	0	0	0	0	0
H2-Ab1	0	0	0	0	0	0	0	0	0	0	0	0	0	0	0	1	0	0	0	0
Prss35	0	0	0	0	0	0	0	1	0	0	0	0	0	0	0	0	0	0	0	0
Plcxd2	0	0	0	0	1	1	0	0	0	0	0	0	0	0	0	0	0	0	0	0
Gabrq	0	0	0	0	0	0	1	0	0	0	0	0	0	0	0	0	0	0	0	0
Nnat	0	0	0	0	0	0	0	0	0	0	0	0	0	0	0	0	1	0	0	0
Anpep	0	0	0	0	0	0	0	0	0	0	0	0	0	0	0	0	0	0	0	1
Gabrr2	0	0	0	0	0	0	1	0	0	0	0	0	0	0	0	0	0	0	0	0
Sgcg	0	0	0	0	0	0	0	0	0	1	0	0	0	0	0	0	0	0	0	0
D630023F18Rik	0	0	0	0	1	0	0	0	0	0	0	0	0	0	0	0	0	0	1	0
Slc26a3	1	0	0	0	0	0	0	0	0	0	0	0	0	0	0	0	0	0	0	0
Apold1	0	0	0	0	0	0	0	0	0	0	0	0	0	0	1	0	0	0	0	0
Nptx1	0	0	0	0	1	0	0	0	0	0	0	0	0	0	0	0	0	0	0	0
C1ql3	0	0	0	0	1	0	0	0	0	0	0	0	0	0	0	0	0	0	1	0
1500015O10Rik	1	0	0	0	0	0	0	0	0	0	0	0	0	0	0	0	0	0	0	0
Cpne7	0	0	0	0	0	1	0	0	0	0	0	0	0	0	0	0	0	0	0	0
S1pr1	1	0	0	0	0	0	0	0	0	0	0	0	0	0	0	0	0	0	0	0
Enpp6	0	0	0	0	0	0	0	0	0	0	0	0	0	0	0	1	0	0	0	0
Ndufa4l2	0	0	0	0	0	0	0	0	0	0	0	0	0	0	0	0	0	0	0	1
Pou4f1	0	0	0	0	0	1	0	0	0	0	0	0	0	0	0	0	0	0	0	0
Nxph4	0	0	0	0	0	0	0	0	0	1	0	0	0	0	0	0	0	0	0	0
Prlh	0	0	1	0	0	0	0	0	0	0	0	0	0	0	0	0	0	0	0	0
Ngfr	0	0	1	0	0	0	0	0	0	0	0	0	0	0	0	0	0	0	0	0
Riiad1	1	0	0	0	0	0	0	0	0	0	0	0	0	0	0	0	0	0	0	0
Ninj2	0	0	0	0	0	0	0	0	0	0	0	0	0	0	0	1	0	0	0	0
Pvalb	0	1	0	0	0	0	0	0	0	0	0	0	0	0	0	0	0	0	0	0
Cldn10	1	0	0	0	0	0	0	0	0	0	0	0	0	0	0	0	0	0	0	0
Ddit4l	0	0	0	0	1	0	0	0	0	0	0	0	0	0	0	0	0	0	0	0
Fezf2	0	0	0	0	1	0	0	0	0	0	0	0	0	0	0	0	0	0	0	0
Col24a1	0	0	0	0	1	0	0	0	0	0	0	0	0	0	0	0	0	0	0	0
Stk32b	0	0	0	1	0	0	0	0	0	0	0	0	0	0	0	0	0	0	0	0
Amigo2	0	0	0	0	0	0	0	0	0	1	0	0	0	0	0	0	1	0	0	0
Cort	0	0	0	1	0	0	0	0	0	0	0	0	0	0	0	0	0	0	0	0
Sag	0	0	0	0	0	0	0	0	0	0	0	0	1	0	0	0	0	0	0	0
Nell1	0	0	0	1	0	0	0	0	0	0	0	0	0	0	0	0	0	0	0	0
Ctxn2	0	0	0	0	0	1	0	0	0	0	0	0	0	0	0	0	0	0	0	0
Itih3	1	0	0	0	0	0	0	0	0	0	0	0	0	0	0	0	0	0	0	0
Tnni3	0	0	0	0	0	0	1	0	0	0	0	0	0	0	0	0	0	0	0	0
Kcnf1	0	0	0	0	1	0	0	0	0	0	0	0	0	0	0	0	0	0	0	0
Bmp4	0	0	0	0	0	0	0	0	0	0	0	0	0	0	0	1	0	0	0	0
Tmtc4	0	0	0	0	0	0	0	0	0	1	0	0	0	0	0	0	0	0	0	0
Reln	0	0	0	1	0	0	0	0	0	0	0	0	0	0	0	0	0	0	0	0
Emx2	0	0	0	0	0	0	1	0	0	0	0	0	0	0	0	0	0	0	0	0
Scg2	0	0	0	0	0	0	0	0	0	0	0	0	0	0	0	0	1	0	0	0
Kctd9	0	0	0	0	0	0	0	0	0	1	0	0	0	0	0	0	0	0	0	0
Tacr1	0	0	0	1	0	0	0	0	0	0	0	0	0	0	0	0	0	0	0	0
Tnnc1	0	0	0	0	1	0	0	0	0	0	0	0	0	0	0	0	0	0	0	0
Ppp1r17	0	1	0	0	0	0	0	0	0	0	0	0	0	0	1	0	1	0	0	0
Wnt4	0	0	0	0	0	1	0	0	0	0	0	0	0	0	0	0	0	0	0	0
Calb2	0	0	0	0	0	0	0	0	0	0	0	0	0	0	1	0	0	0	0	0
AW551984	0	0	1	0	0	1	1	0	0	0	0	0	0	0	0	0	1	0	0	0
Ccne1	0	0	0	1	0	0	0	0	0	0	0	0	0	0	0	0	0	0	0	0
Pnmt	0	0	1	0	0	0	0	0	0	0	0	0	0	0	0	0	0	0	0	0
Chat	0	0	1	0	0	0	0	0	0	0	0	0	0	0	0	0	0	0	0	0
Tnr	0	0	0	0	0	0	0	0	0	0	0	0	0	0	0	1	0	0	0	0
Crabp1	0	0	0	0	0	0	0	0	0	1	0	0	0	0	0	0	0	0	0	0
Aldh1a1	0	0	1	0	0	0	0	0	0	0	0	0	0	0	0	0	0	0	0	0
2810417H13Rik	0	0	0	0	0	0	0	0	0	0	0	0	1	0	0	0	0	0	0	0
Gabra5	0	0	0	0	0	0	0	0	1	0	0	0	0	0	0	0	0	0	0	0
St8sia6	0	0	0	0	0	0	0	0	0	1	0	0	0	0	0	0	0	0	0	0
Asic4	0	0	0	0	0	0	1	0	0	0	0	0	0	0	0	0	0	0	0	0
Lama1	0	0	0	0	0	0	0	0	0	1	0	0	0	0	0	0	0	0	0	0
Ccdc153	1	0	0	0	0	0	0	0	0	0	0	0	0	0	0	0	0	0	0	0
Rrm2	0	0	0	0	0	0	0	0	0	0	0	0	1	0	0	0	0	0	0	0
Gm12371	0	0	0	0	1	0	0	0	0	0	0	0	0	0	0	0	0	0	0	0
Lgr5	0	0	0	0	0	0	0	0	0	0	0	0	0	0	1	0	0	0	0	0
Tac1	0	0	0	0	0	1	0	0	0	0	0	1	0	0	0	0	0	0	0	0
Pcp4l1	0	0	0	0	0	0	0	0	0	0	0	1	0	0	1	0	0	0	0	0
Isoc1	0	0	0	0	0	0	0	0	0	0	0	0	0	0	1	0	0	0	0	0
3110035E14Rik	0	0	0	0	1	0	0	0	0	0	0	0	0	0	0	0	0	0	0	0
Tmem132c	0	0	0	0	0	1	0	0	0	0	0	0	0	0	0	0	0	0	0	0
Slc22a3	0	0	1	0	0	0	0	0	0	0	0	0	0	0	0	0	0	0	0	0
Nr4a2	0	0	0	0	1	0	0	0	0	0	0	0	0	0	0	0	0	0	0	0
Cbs	1	0	0	0	0	0	0	0	0	0	0	0	0	0	0	0	0	0	0	0
Hapln2	0	0	0	0	0	0	0	0	0	0	0	0	0	0	0	1	0	0	0	0
Rgs12	0	0	0	1	0	0	0	0	0	0	0	0	0	0	0	0	0	0	0	0
Coro6	0	0	0	0	0	1	0	0	0	0	0	0	0	0	0	0	0	0	0	0
Rasgrf2	0	0	0	0	0	1	0	0	0	0	0	0	0	0	0	0	0	0	0	0
Bnc2	0	0	0	0	0	1	0	0	0	0	0	0	0	0	0	0	0	0	0	0
Kcnmb2	0	0	0	0	0	0	0	0	0	0	0	0	0	0	0	0	0	1	0	0
Tbxa2r	0	0	0	0	0	0	0	0	0	0	0	0	0	0	0	0	0	0	0	1
Spint2	0	0	0	0	0	0	0	0	0	0	0	0	0	0	0	0	0	0	1	0
Neu4	0	0	0	0	0	0	0	0	0	0	0	0	0	0	0	1	0	0	0	0
Mhrt	0	0	0	0	0	0	0	0	0	0	0	1	0	0	0	0	0	0	0	0
Gpsm1	0	0	0	0	0	0	0	0	0	0	0	0	0	0	1	0	0	0	0	0
Six3	0	0	0	1	0	0	0	0	0	0	0	0	0	0	0	0	0	0	0	0
Sost	0	0	0	0	0	0	0	0	0	0	0	0	0	1	0	0	0	0	0	0
Casr	0	0	1	0	0	0	0	0	0	0	0	0	0	0	0	0	0	0	0	0
Nkx2-1	0	0	1	0	0	0	0	0	0	0	0	0	0	0	0	0	0	0	0	0
Megf11	0	0	0	0	0	1	0	0	0	0	0	0	0	0	0	0	0	0	0	0
Tubgcp2	0	0	0	0	0	0	0	0	1	0	0	0	0	0	0	0	0	0	0	0
Klhl1	0	0	0	0	0	0	0	0	0	1	0	0	0	0	0	0	0	0	0	0
Wfdc18	0	0	0	0	0	0	0	0	0	0	0	0	0	0	0	1	0	0	0	0
Sox14	0	0	0	0	0	0	1	0	0	0	0	0	0	0	0	0	0	0	0	0
Adra1b	0	0	0	1	0	0	0	0	0	0	0	0	0	0	0	0	0	0	0	0
Ccp110	0	0	0	0	0	0	0	0	0	0	0	0	0	0	0	1	0	0	0	0
Ralyl	0	0	0	0	0	0	1	0	0	0	0	0	0	0	0	0	0	0	0	0
Peg10	0	0	0	0	0	0	0	0	0	0	0	0	0	0	0	0	1	0	0	0
Adamts15	0	0	0	0	0	1	0	0	0	0	0	0	0	0	0	0	0	0	0	0
Wfdc12	0	0	1	0	0	0	0	0	0	0	0	0	0	0	0	0	0	0	0	0
Dcn	0	0	0	0	0	0	0	0	0	0	0	0	0	0	0	0	0	0	0	1
Nupr1	0	0	0	0	0	0	0	0	0	0	0	0	0	0	0	0	0	0	0	1
Nr4a3	0	0	0	0	1	0	0	0	0	0	0	0	0	0	0	0	0	0	0	0
Lypd6	0	0	0	1	0	0	1	0	0	0	0	0	0	0	0	0	0	0	0	0
Fabp7	0	0	0	0	0	0	0	1	0	0	0	0	0	0	0	0	0	0	0	0
Mgarp	0	0	0	0	0	0	1	0	0	0	0	0	0	0	0	0	0	0	0	0
Aard	0	0	0	0	0	0	0	0	0	0	0	0	0	0	0	0	0	1	0	0
Ctla2a	0	0	0	0	0	0	0	0	0	0	0	0	0	0	0	0	0	0	0	1
Gm8797	0	0	0	1	0	0	0	0	0	0	0	0	0	0	0	0	0	0	0	0
Cygb	0	0	1	1	0	0	0	0	0	0	0	0	0	0	0	0	0	0	0	0
Trim67	0	1	0	0	0	0	0	0	0	0	0	0	0	0	0	0	0	0	0	0
Ly6g6e	0	0	0	0	0	0	0	0	0	0	0	0	0	1	0	0	0	0	0	0
Rasd1	0	0	0	0	0	0	0	0	0	0	0	0	0	0	0	0	1	0	0	0
Rorb	0	0	0	0	0	1	0	0	0	0	0	0	0	0	0	0	0	0	0	0
Slc17a8	0	0	1	1	0	0	0	0	0	0	0	0	0	0	0	0	0	0	0	0
Trdn	0	0	0	0	0	0	0	0	0	0	0	0	0	0	1	0	0	0	0	0
Ptpru	0	0	0	0	1	0	0	0	0	0	0	0	0	0	0	0	0	0	0	0
Tshz1	0	0	0	0	0	0	0	0	0	0	0	0	0	0	1	0	0	0	0	0
Cyp26b1	0	0	0	1	0	0	0	0	0	0	0	0	0	0	0	0	0	0	0	0
Zfhx4	0	0	0	0	0	1	1	0	0	0	0	0	0	0	0	0	0	0	0	0
Fermt1	0	0	0	0	1	0	0	0	0	0	0	0	0	0	0	0	0	0	0	0
Bmp3	0	0	0	0	1	0	0	0	0	0	0	0	0	0	0	0	0	0	0	0
Ptpn4	0	0	0	0	0	1	0	0	0	0	0	0	0	0	0	0	0	0	0	0
C4b	1	0	0	0	0	0	0	0	0	0	0	0	0	0	0	0	0	0	0	0
Tnf	0	0	0	0	0	0	0	0	0	0	1	0	0	0	0	0	0	0	0	0
Rgs8	0	0	0	1	0	0	0	0	0	0	0	0	0	0	0	0	0	0	0	0
Gm11627	1	0	0	0	0	0	0	0	0	0	0	0	0	0	0	0	0	0	0	0
Hoxa3	0	0	0	0	0	0	0	0	0	1	0	0	0	0	0	0	0	0	0	0
Folr1	1	0	0	0	0	0	0	0	0	0	0	0	0	0	0	0	0	0	0	0
Mustn1	0	0	0	0	0	0	0	0	0	0	0	0	0	0	0	0	0	0	0	1
Ppargc1a	0	0	0	0	0	0	1	0	0	0	0	0	0	0	0	0	0	0	0	0
Fam19a1	0	0	0	0	1	0	0	0	0	0	0	0	0	0	0	0	0	0	0	0
Lefty1	0	0	0	0	1	0	0	0	0	0	0	0	0	0	0	0	0	0	0	0
Gsg1l	0	0	0	0	1	0	0	0	0	0	0	0	0	0	0	0	0	0	0	0
Mgp	0	0	0	0	0	0	0	0	0	0	0	0	0	0	0	0	0	0	0	1
Vat1l	0	0	0	0	0	0	1	0	0	0	0	0	0	0	0	0	0	0	0	0
Galntl6	0	0	0	0	1	0	0	0	0	0	0	0	0	0	0	0	0	0	0	0
Krt17	0	0	0	0	0	0	0	0	0	0	0	0	0	0	0	0	0	1	0	0
Rd3l	0	0	0	0	0	0	1	0	0	0	0	0	0	0	0	0	0	0	0	0
Uncx	0	0	0	0	0	0	1	0	0	0	0	0	0	0	0	0	0	0	0	0
Olfm2	0	0	0	0	0	0	0	0	0	1	0	0	0	0	0	0	0	0	0	0
Rab26os	0	0	0	0	0	0	0	0	0	0	0	0	0	0	0	0	1	0	0	0
Gm26834	0	0	0	0	0	0	0	0	0	0	0	0	0	0	0	1	0	0	0	0
Usp28	0	0	0	1	0	0	0	0	0	0	0	0	0	0	0	0	0	0	0	0
Pcp2	0	1	0	0	0	0	0	0	0	0	0	0	0	0	0	0	0	0	1	0
Tmem255a	0	0	0	0	0	0	0	0	0	0	0	0	0	0	0	0	0	1	0	0
Cck	0	0	0	1	0	0	0	0	0	0	0	0	0	0	0	0	0	0	0	0
Calml4	1	0	0	0	0	0	0	0	0	0	0	0	0	0	0	0	0	0	0	0
Kcnab1	0	0	0	0	0	1	0	0	0	0	0	0	0	0	0	0	0	0	0	0
St8sia4	0	0	0	1	0	0	0	0	0	0	0	0	0	0	0	0	0	0	0	0
Kcnd3	0	0	0	0	0	1	0	0	0	0	0	0	0	0	0	0	0	0	0	0
Igf2	0	0	0	0	0	0	0	0	0	0	0	0	0	0	0	0	0	0	0	1
Gng4	0	0	0	0	0	0	0	0	0	0	0	0	0	0	1	0	0	0	0	0
Igfbp6	0	0	0	0	1	0	0	0	0	0	0	0	0	0	0	0	0	0	0	0
Sp9	0	0	0	0	0	0	0	0	0	0	0	0	0	0	1	0	0	0	0	0
Rnd1	0	0	0	0	0	1	0	0	0	0	0	0	0	0	0	0	0	0	0	0
Yjefn3	0	0	0	1	0	0	0	0	0	0	0	0	0	0	0	0	0	0	0	0
Pde6g	0	0	0	0	0	0	0	0	0	0	0	0	1	0	0	0	0	0	0	0
Gm17750	0	0	0	1	0	0	0	0	0	0	0	0	0	0	0	0	0	0	0	0
Sall3	0	0	0	0	0	0	0	0	0	1	0	0	0	0	0	0	0	0	0	0
Vipr1	0	0	0	0	1	0	0	0	0	0	0	0	0	0	0	0	0	0	0	0
Tex40	0	0	0	0	0	0	0	1	0	0	0	0	0	0	0	0	0	0	0	0
Dact2	0	0	0	0	1	0	0	0	0	0	0	0	0	0	0	0	0	0	0	0
Il23a	0	0	0	0	0	0	0	0	0	0	0	0	0	0	0	1	0	0	0	0
Cd74	0	0	0	0	0	0	0	0	0	0	1	0	0	0	0	0	0	0	0	0
Cdkl4	0	0	0	0	1	0	0	0	0	0	0	0	0	0	0	0	0	0	0	0
Grp	0	0	0	0	0	0	0	0	0	0	0	0	0	0	0	0	0	0	1	0
Dlx6os1	0	0	0	1	0	0	0	0	0	0	0	0	1	0	0	0	0	0	0	0
Aqp4	1	0	0	0	0	0	0	0	0	0	0	0	0	0	0	0	0	0	0	0
Ahcyl2	0	0	0	0	0	0	0	0	1	0	0	0	0	0	0	0	0	0	0	0
Tacr3	0	0	0	0	0	0	0	0	0	0	0	0	0	0	0	0	0	1	0	0
Ppp1r3g	1	0	0	0	0	0	0	0	0	0	0	0	0	0	0	0	0	0	0	0
1700012B09Rik	1	0	0	0	0	0	0	0	0	0	0	0	0	0	0	0	0	0	0	0
Trhr	0	0	1	0	0	0	0	0	0	0	0	0	0	0	0	0	0	0	0	0
Hoxb8	0	0	0	0	0	0	0	0	0	0	0	0	0	0	0	0	0	1	1	0
Islr2	0	0	0	0	0	0	0	0	1	0	0	0	0	0	0	0	0	0	0	0
RP24-236C17.2	0	0	0	0	0	0	0	0	0	0	0	0	0	0	0	0	0	0	1	0
Scube1	0	0	0	0	1	0	0	0	0	0	0	0	0	0	0	0	0	0	0	0
Rapsn	0	0	0	0	0	0	0	0	0	0	0	0	0	0	0	0	0	0	1	0
Hoxb5	0	0	0	0	0	0	0	0	0	1	0	0	0	0	0	0	0	0	0	0
Ccl7	0	0	0	0	0	0	0	0	0	0	1	0	0	0	0	0	0	0	0	0
Pcdh11x	0	0	0	0	0	0	0	0	0	0	0	0	0	0	0	0	1	0	0	0
Sla	0	1	0	0	0	0	0	0	0	0	0	0	0	0	0	0	0	0	0	0
Pdzk1ip1	0	0	0	0	0	0	0	0	0	0	0	0	0	0	0	0	1	0	0	0
Sdc1	0	0	1	0	0	0	0	0	0	0	0	0	0	0	0	0	0	0	0	0
Oxtr	0	0	0	0	1	0	0	0	0	0	0	0	0	0	0	0	0	0	0	0
Slc5a7	0	0	1	0	0	0	0	0	0	0	0	0	0	0	0	0	0	0	0	0
Cemip	0	0	0	0	1	0	0	0	0	0	0	0	0	0	0	0	0	0	0	0
Slc18a2	0	0	1	0	0	0	0	0	0	0	0	0	0	0	0	0	0	0	0	0
Mdga1	0	0	0	0	0	0	0	0	0	1	0	0	0	0	0	0	0	0	0	0
Gpr83	0	0	0	0	0	0	0	0	0	0	0	1	0	0	0	0	0	0	0	0
Avp	0	0	0	0	0	0	0	0	0	0	0	0	0	0	0	0	1	0	0	0
Hoxb3	0	0	0	0	0	0	0	0	0	1	0	0	0	0	0	0	0	0	0	0
Slc6a13	0	0	0	0	0	0	0	0	0	0	0	0	0	0	0	0	0	0	0	1
Hes5	1	0	0	0	0	0	0	0	0	0	0	0	0	0	0	0	0	0	0	0
Myh7	0	0	0	0	1	0	0	0	0	0	0	0	0	0	0	0	1	0	0	0
Crct1	0	0	0	0	0	0	0	0	0	0	0	0	0	0	0	0	1	0	0	0
Gm2694	0	0	0	0	0	1	0	0	0	0	0	0	0	0	0	0	0	0	0	0
RP24-134N2.1	0	0	0	0	1	0	0	0	0	0	0	0	0	0	0	0	0	0	0	0
Birc5	0	0	0	0	0	0	0	1	0	0	0	0	0	0	0	0	0	0	0	0
Npas1	0	0	0	1	0	0	0	0	0	0	0	0	0	0	0	0	0	0	0	0
Asic1	0	0	0	0	0	0	1	0	0	0	0	0	0	0	0	0	0	0	0	0
Grm4	0	1	0	0	0	0	0	0	0	0	0	0	0	0	0	0	0	0	0	0
Csf1r	0	0	0	0	0	0	0	0	0	0	1	0	0	0	0	0	0	0	0	0
Abhd11os	0	0	0	0	0	0	0	0	0	1	0	0	0	0	0	0	0	0	0	0
Timp4	1	0	0	0	0	0	0	0	0	0	0	0	0	0	0	0	0	0	0	0
Gng8	0	0	0	0	0	1	0	0	0	0	0	0	0	0	0	0	1	0	0	0
Lhx8	0	0	1	0	0	0	1	0	0	0	0	0	0	0	0	0	1	0	0	0
Arap2	0	0	0	0	0	0	0	0	0	0	0	0	0	0	0	1	0	0	0	0
Arx	0	0	0	1	0	0	0	0	0	0	0	0	0	0	0	0	0	0	0	0
Adora2a	0	0	0	0	0	0	0	0	0	0	0	1	0	0	0	0	0	0	0	0
Fcmr	0	0	0	0	0	0	0	0	0	1	0	0	0	0	0	0	0	0	0	0
Gchfr	0	0	1	0	0	0	0	0	0	0	0	0	0	0	0	0	0	0	0	0
Cnpy1	0	1	0	0	0	0	0	0	0	0	0	0	0	0	0	0	0	0	0	0
E330013P04Rik	1	0	0	0	0	0	0	0	0	0	0	0	0	0	0	0	0	0	0	0
Nkx2-9	0	0	0	0	0	0	0	0	0	0	0	0	0	0	0	1	0	0	0	0
Gbx1	0	0	0	0	0	0	1	0	0	0	0	0	0	0	0	0	0	1	0	0
Tac2	0	0	0	1	0	0	0	0	0	0	0	0	0	0	0	0	0	0	0	0
Vgf	0	0	0	0	0	0	1	0	0	0	0	0	0	0	0	0	0	0	0	0
Ddc	0	0	1	0	0	0	0	0	0	0	0	0	0	0	0	0	0	0	0	0
Top2a	0	0	0	0	0	0	0	0	0	0	0	0	1	0	0	0	0	0	0	0
Pax8	0	0	0	0	0	0	0	0	0	0	0	0	0	0	0	0	0	1	0	0
Gldc	1	0	0	0	0	0	0	0	0	0	0	0	0	0	0	0	0	0	0	0
Plk5	0	0	0	0	0	1	0	0	0	0	0	0	0	0	0	0	0	0	0	0
Prkcd	0	0	0	0	0	1	0	0	0	0	0	0	0	0	0	0	0	0	0	0
P2ry12	0	0	0	0	0	0	0	0	0	0	1	0	0	0	0	0	0	0	0	0
Tnfrsf13c	0	0	0	0	0	0	0	0	0	1	0	0	0	0	0	0	0	0	0	0
Otx2	0	0	0	0	0	0	1	0	0	0	0	0	0	0	0	0	0	0	0	0
Scgn	0	0	0	0	0	0	0	0	0	0	0	0	0	0	1	0	0	0	0	0
Vstm2b	0	0	0	0	0	1	0	0	0	0	0	0	0	0	0	0	0	0	0	0
Tnnt3	1	0	0	0	0	0	0	0	0	0	0	0	0	0	0	0	0	0	0	0
Mal	0	0	0	0	0	0	0	0	0	0	0	0	0	0	0	1	0	0	0	0
E130114P18Rik	1	0	0	0	0	0	0	0	0	0	0	0	0	0	0	0	0	0	0	0
Cbln1	0	0	0	0	1	1	0	0	0	0	0	0	0	0	0	0	0	0	0	0
Frzb	0	0	0	0	0	0	0	0	0	0	0	0	0	0	0	0	0	1	0	0
Abi3bp	0	0	0	0	1	0	0	0	0	0	0	0	0	0	0	0	0	0	0	0
Galnt14	0	0	0	0	0	0	1	0	0	0	0	0	0	0	0	0	0	0	0	0
Pde11a	0	0	0	1	0	0	0	0	0	0	0	0	0	0	0	0	0	0	1	0
Tbx20	0	0	1	0	0	0	0	0	0	0	0	0	0	0	0	0	0	0	0	0
Mlf1	1	0	0	0	0	0	0	0	0	0	0	0	0	0	0	0	0	0	0	0
Chrna2	0	0	0	0	0	0	1	0	0	0	0	0	0	0	0	0	0	0	0	0
Vtn	0	0	0	0	0	0	0	0	0	0	0	0	0	0	0	0	0	0	0	1
Npnt	0	0	0	0	0	1	0	0	0	0	0	0	0	0	0	0	0	0	0	0
Ap1s2	0	0	0	0	0	0	0	0	0	0	0	0	0	0	0	0	0	0	1	0
Hlf	0	0	0	0	1	0	0	0	0	0	0	0	0	0	0	0	0	0	0	0
Prx	0	0	0	0	0	0	0	1	0	0	0	0	0	0	0	0	0	0	0	0
Npff	0	0	1	0	0	0	0	0	0	0	0	0	0	0	0	0	0	0	0	0
Tlx3	0	0	0	0	0	0	0	0	0	0	0	0	0	0	0	0	0	0	1	0
Hap1	0	0	0	0	0	1	0	0	0	0	0	0	0	0	0	0	1	0	0	0
Tmem2	0	0	0	0	0	0	0	0	0	0	0	0	0	0	0	1	0	0	0	0
Hoxc9	0	0	0	0	0	0	0	0	0	0	0	0	0	0	0	0	0	0	1	0
Gpr34	0	0	0	0	0	0	0	0	0	0	1	0	0	0	0	0	0	0	0	0
Ndnf	0	0	0	0	0	1	0	0	0	0	0	0	0	0	0	0	0	0	0	0
Nos1	0	0	0	0	0	0	1	0	0	0	0	0	0	0	0	0	0	0	0	0
Ccl3	0	0	0	0	0	0	0	0	0	0	1	0	0	0	0	0	0	0	0	0
Cd83	0	0	0	0	0	1	0	0	0	0	0	0	0	0	0	0	0	0	0	0
Angpt1	0	0	0	0	0	0	0	0	0	0	0	0	0	0	0	0	1	0	0	0
Vwc2l	0	0	0	0	1	0	0	0	0	0	0	0	0	0	0	0	0	0	0	0
Birc2	0	0	0	0	0	0	0	0	0	0	0	0	0	0	0	1	0	0	0	0
Fam92b	0	0	0	0	0	0	0	0	0	0	0	0	0	0	0	0	1	0	0	0
Aldh3b2	0	0	0	0	0	1	0	0	0	0	0	0	0	0	0	0	0	0	0	0
Degs2	0	0	0	0	0	0	0	0	0	0	0	0	0	0	0	0	0	0	0	1
Ptgds	0	0	0	0	0	0	0	0	0	0	0	0	0	0	0	0	0	0	0	1
Cdkn1c	0	0	0	0	0	0	0	0	0	0	0	0	0	0	0	1	0	0	0	0
Pkd1l2	0	0	0	0	0	0	0	0	0	0	0	0	0	0	0	0	1	0	0	0
Trp53i11	0	0	0	1	0	0	0	0	0	0	0	0	0	0	0	0	0	0	0	0
Rsph1	1	0	0	0	0	0	0	0	0	0	0	0	0	0	0	0	0	0	0	0
Kcng4	0	0	0	0	0	0	0	0	0	1	0	0	0	0	0	0	0	0	0	0
Myh8	0	0	0	0	0	1	0	0	0	0	0	0	0	0	0	0	0	0	0	0
Gpr101	0	0	0	0	0	1	0	0	0	0	0	0	0	0	0	0	0	0	0	0
Wfs1	0	0	0	0	1	0	0	0	0	0	0	0	0	0	0	0	0	0	0	0
Lhfpl5	0	0	0	0	0	0	0	0	0	0	0	0	0	0	0	0	0	0	1	0
Fam216b	1	0	0	0	0	0	0	0	0	0	0	0	0	0	0	0	0	0	0	0
Fbln2	0	0	0	0	0	0	0	1	0	0	0	0	0	0	0	0	0	0	0	0
Ppp1r1b	0	0	0	0	0	0	0	0	0	0	0	1	0	0	0	0	0	0	0	0
Asb4	0	0	0	0	0	0	1	0	0	0	0	0	0	0	0	0	1	0	0	0
Pthlh	0	0	0	1	0	0	0	0	0	0	0	0	0	0	0	0	0	0	0	0
Rgs14	0	0	0	0	1	0	0	0	0	0	0	0	0	0	0	0	0	0	0	0
Npy	0	0	0	1	0	0	0	0	0	0	0	0	0	0	0	0	0	0	0	0
Gbx2	0	0	0	0	0	1	0	0	0	0	0	0	0	0	0	0	0	0	0	0
Nyap2	0	0	0	0	0	0	0	0	0	0	0	0	0	0	0	0	0	1	0	0
Ovol2	0	0	0	0	1	0	0	0	0	0	0	0	0	0	0	0	0	0	0	0
Mfge8	1	0	0	0	0	0	0	0	0	0	0	0	0	0	0	0	0	0	0	0
Afp	0	0	1	0	0	0	0	0	0	0	0	0	0	0	0	0	0	0	0	0
Myh11	0	0	0	0	0	0	0	0	0	0	0	0	0	0	0	0	0	0	0	1
Rspo1	0	0	0	0	0	0	0	0	0	0	0	0	0	0	0	0	0	1	0	0
Dapl1	0	0	0	0	0	0	0	0	0	0	0	0	0	0	0	0	0	0	0	1
Dlk1	0	0	0	0	0	0	0	0	0	0	0	0	0	0	0	0	1	0	0	0
Pde1a	0	0	0	0	1	0	0	0	0	0	0	0	0	0	0	0	0	0	0	0
Gm13629	0	0	0	0	0	1	0	0	0	0	0	0	0	0	0	0	0	0	0	0
Trh	0	0	1	0	0	0	0	0	0	0	0	0	0	0	0	0	1	0	0	0
Cpne8	0	0	0	0	0	0	0	0	0	0	0	0	0	0	0	0	0	0	1	0
Prss56	0	0	0	0	0	0	0	1	0	0	0	0	0	0	0	0	0	0	0	0
Mreg	0	0	0	0	0	0	0	0	0	1	0	0	0	0	0	0	0	0	0	0
Cdh7	0	0	0	0	0	1	0	0	0	0	0	0	0	0	0	0	0	0	0	0
Gpc3	0	0	0	0	0	1	0	0	0	0	0	0	0	0	0	0	0	0	0	0
Cabp7	0	0	0	0	0	1	0	0	0	0	0	0	0	0	0	0	0	0	0	0
Kl	1	0	0	0	0	0	0	0	0	0	0	0	0	0	0	0	0	0	0	0
Hoxa7	0	0	0	0	0	0	0	0	0	0	0	0	0	0	0	0	0	0	1	0
Cd93	0	0	0	0	0	0	0	0	0	0	0	0	0	0	0	0	0	0	0	1
Eomes	0	0	0	0	0	0	0	0	0	0	0	0	0	1	0	0	0	0	0	0
Tfap2d	0	0	0	0	0	1	0	0	0	0	0	0	0	0	0	0	0	0	0	0
Tmem119	0	0	0	0	0	0	0	0	0	0	1	0	0	0	0	0	0	0	0	0
Cox4i2	0	0	0	0	0	0	0	0	0	0	0	0	0	0	0	0	0	0	0	1
Crhbp	0	0	0	1	0	0	0	0	0	0	0	0	0	0	0	0	0	0	0	0
Pak4	0	0	0	0	0	0	0	0	0	0	0	0	0	0	0	1	0	0	0	0
Syt2	0	0	0	0	0	1	1	0	0	0	0	0	0	0	0	0	0	0	0	0
Prlr	0	0	0	0	0	1	0	0	0	0	0	0	0	0	0	0	0	0	0	0
Foxp2	0	0	0	0	0	1	0	0	0	0	0	1	0	0	0	0	0	0	0	0
Htr2c	0	0	0	0	0	1	0	0	0	0	0	0	0	0	0	0	0	0	0	0
Hapln1	0	0	0	1	0	0	0	0	0	0	0	0	0	0	0	0	0	0	0	0
Arhgap6	0	0	0	0	0	0	0	0	0	0	0	0	0	0	0	0	1	0	0	0
Tcerg1l	0	0	0	1	0	0	0	0	0	0	0	0	0	0	0	0	0	0	0	0
Ntsr1	0	0	0	0	1	0	0	0	0	0	0	0	0	0	0	0	0	0	0	0
Esrrg	0	0	0	1	0	0	0	0	0	1	0	0	0	0	0	0	0	0	0	0
Tubb2b	0	0	0	0	0	0	0	0	0	0	0	0	1	0	0	0	0	0	0	0
Tmem212	1	0	0	0	0	0	0	0	0	0	0	0	0	0	0	0	0	0	0	0
Slc47a1	0	0	0	0	0	0	0	0	0	0	0	0	0	0	0	0	0	0	0	1
Evx1os	0	0	0	0	0	1	0	0	0	0	0	0	0	0	0	0	0	0	0	0
Mfap4	0	0	0	0	0	0	0	0	0	0	0	0	1	0	0	0	0	0	0	0
Gm2115	0	0	0	1	0	0	0	0	0	0	0	0	0	0	0	0	0	0	0	0
Tshz2	0	0	0	0	1	0	0	0	0	0	0	0	0	0	0	0	0	0	0	0
Gm26673	0	0	0	0	0	0	0	0	0	1	0	0	0	0	0	0	0	0	0	0
Sphkap	0	0	0	0	0	0	1	0	0	0	0	0	0	0	0	0	0	0	0	0
Tmem132d	0	0	0	0	0	0	0	0	0	0	0	0	0	1	0	0	0	0	0	0
Igfbp4	0	0	0	1	0	0	0	0	0	0	0	0	0	0	0	0	0	0	0	0
Hcn1	0	1	0	0	0	0	0	0	0	1	0	0	0	0	0	0	0	0	0	0
Pdgfra	0	0	0	0	0	0	0	1	0	0	0	0	0	0	0	0	0	0	0	0
Tmem130	0	0	0	0	0	0	1	0	0	0	0	0	0	0	0	0	0	0	0	0
Cfap126	1	0	0	0	0	0	0	0	0	0	0	0	0	0	0	0	0	0	0	0
Spint1	0	0	0	0	0	0	0	0	0	1	0	0	0	0	0	0	0	0	0	0
Nptxr	0	0	0	0	1	0	0	0	0	0	0	0	0	0	0	0	0	0	0	0
Cbln2	0	0	0	0	0	1	0	0	0	0	0	0	0	0	0	0	0	0	0	0
Chrnb3	0	0	1	0	0	0	1	0	0	0	0	0	0	0	0	0	0	0	0	0
Pgam2	0	0	0	0	0	0	0	0	0	0	0	0	0	0	1	0	0	0	0	0
Gpr6	0	0	0	0	0	0	0	0	0	0	0	1	0	0	0	0	0	0	0	0
Prss12	0	0	0	0	1	0	0	0	0	0	0	0	0	0	0	0	0	0	0	0
Dkk3	0	0	0	0	1	0	0	0	0	0	0	0	0	0	0	0	0	0	0	0
Isl1	0	0	0	0	0	0	0	0	0	0	0	1	0	0	0	0	0	0	0	0
Tmem88b	0	0	0	0	0	0	0	0	0	0	0	0	0	0	0	1	0	0	0	0
Ankrd34b	0	0	0	0	0	0	1	0	0	0	0	0	0	0	0	0	0	0	0	0
Gabra6	0	1	0	0	0	0	0	0	0	0	0	0	0	0	0	0	0	0	0	0
A330102I10Rik	0	0	0	0	0	0	1	0	0	0	0	0	0	0	0	0	0	0	0	0
Aldh1a2	0	0	0	0	0	0	0	0	0	0	0	0	0	0	0	0	0	0	0	1
Hopx	1	0	0	0	0	0	0	0	0	0	0	0	0	0	0	0	0	0	0	0
Prkcg	0	0	0	0	1	0	0	0	0	0	0	0	0	0	0	0	0	0	0	0
Clu	1	0	0	0	0	0	0	0	0	0	0	0	0	0	0	0	0	0	0	0
Gnb3	0	0	0	0	0	0	0	0	0	0	0	0	1	0	0	0	0	0	0	0
Gpx2	0	0	0	0	0	0	0	0	0	1	0	0	0	0	0	0	0	0	0	0
Hcrt	0	0	1	0	0	0	0	0	0	0	0	0	0	0	0	0	0	0	0	0
Adarb2	0	0	0	1	0	0	0	0	0	0	0	0	0	0	0	0	0	0	0	0
Dbpht2	0	0	0	0	1	0	0	0	0	0	0	0	0	0	0	0	0	0	0	0
Lrpprc	0	0	0	0	0	0	0	0	0	0	0	1	0	0	0	0	0	0	0	0
Neurod6	0	0	0	0	1	0	0	0	0	0	0	0	0	0	0	0	0	0	0	0
Lancl3	0	0	0	1	0	0	0	0	0	0	0	0	0	0	0	0	0	0	0	0
Rerg	0	0	0	0	0	0	0	0	0	0	0	0	1	0	0	0	0	0	0	0
Mgst1	0	0	0	0	0	0	0	1	0	0	0	0	0	0	0	0	0	0	0	0
Slc1a6	0	1	0	0	0	0	0	0	0	0	0	0	0	0	0	0	0	0	0	0
Tunar	0	0	0	0	0	0	0	0	0	0	0	0	0	0	0	0	0	0	1	0
Hoxc4	0	0	0	0	0	1	0	0	0	0	0	0	0	0	0	0	0	0	0	0
Gabre	0	0	1	0	0	0	0	0	0	0	0	0	0	0	0	0	1	0	0	0
Ly6c1	0	0	0	0	0	0	0	0	0	0	0	0	0	0	0	0	0	0	0	1
Fev	0	0	1	0	0	0	0	0	0	0	0	0	0	0	0	0	0	0	0	0
Hs3st4	0	0	0	0	1	0	0	0	0	0	0	0	0	0	0	0	0	0	0	0
Emid1	0	0	0	0	0	0	0	1	0	0	0	0	0	0	0	0	0	0	0	0
Gm14964	1	0	0	0	0	0	0	0	0	0	0	0	0	0	0	0	0	0	0	0
Rasl10a	0	0	0	0	1	0	0	0	1	0	0	0	0	0	0	0	0	0	0	0
Mrc1	0	0	0	0	0	0	0	0	0	0	1	0	0	0	0	0	0	0	0	0
Myoc	1	0	0	0	0	0	0	0	0	0	0	0	0	0	0	0	0	0	0	0
Acta2	0	0	0	0	0	0	0	0	0	0	0	0	0	0	0	0	0	0	0	1
Kcnab3	0	0	0	0	0	0	1	0	0	1	0	0	0	0	0	0	0	0	0	0
Gnrh1	0	0	0	0	0	0	0	0	0	0	0	0	0	0	0	0	1	0	0	0
Ms4a15	0	0	0	0	0	0	0	0	0	0	0	0	0	1	0	0	0	0	0	0
A2m	1	0	0	0	0	0	0	0	0	0	0	0	0	0	0	0	0	0	0	0
Zfp239	0	0	0	0	0	1	0	0	0	0	0	0	0	0	0	0	0	0	0	0
Anln	0	0	0	0	0	0	0	0	0	0	0	0	0	0	0	1	0	0	0	0
Doc2a	0	0	0	0	0	0	0	0	0	0	0	0	0	0	0	0	0	0	1	0
Sln	0	0	0	0	0	0	0	0	0	0	0	0	0	1	0	0	0	0	0	0
Sgpp2	0	0	0	0	0	0	0	0	0	1	0	0	0	0	0	0	0	0	0	0
Pgr	0	0	0	0	0	0	1	0	0	0	0	0	0	0	0	0	0	0	0	0
Necab1	0	0	0	0	0	1	0	0	0	0	0	0	0	0	0	0	0	0	0	0
Sspo	1	0	0	0	0	0	0	0	0	0	0	0	0	0	0	0	0	0	0	0
Pax5	0	0	0	0	0	0	1	0	0	0	0	0	0	0	0	0	0	0	0	0
Shisa8	0	0	0	0	0	0	0	0	0	0	0	0	0	0	1	0	0	0	0	0
Pdcd4	0	0	0	0	0	0	0	0	0	0	0	0	0	0	0	1	0	0	0	0
Lypd2	0	0	0	0	0	0	0	0	0	0	0	0	0	0	0	0	0	0	0	1
Fat2	0	0	0	0	0	0	0	0	0	1	0	0	0	0	0	0	0	0	0	0
Lamp5	0	0	0	0	1	0	0	0	0	0	0	0	0	0	0	0	0	0	0	0
Irs4	0	0	0	0	0	0	0	0	0	1	0	0	0	0	0	0	0	0	0	0
Caprin2	0	0	0	0	0	0	0	0	0	0	0	0	0	0	0	0	1	0	0	0
Rxfp1	0	0	0	0	1	0	0	0	0	0	0	0	0	0	0	0	0	0	0	0
Flt1	0	0	0	0	0	0	0	0	0	0	0	0	0	0	0	0	0	0	0	1
Rims4	0	0	0	0	0	1	0	0	0	0	0	0	0	0	0	0	0	0	0	0
Crh	0	0	0	0	0	0	0	0	0	0	0	0	0	0	1	0	0	0	0	0
Pde4d	0	0	0	0	0	0	0	0	0	0	0	0	0	0	0	0	0	0	1	0
Ubash3b	0	0	0	1	0	0	0	0	0	0	0	0	0	0	0	0	0	0	0	0
Slc16a11	0	0	0	0	0	0	0	0	0	0	0	0	0	0	0	0	0	1	0	0
Krt73	0	0	0	1	0	0	0	0	0	0	0	0	0	0	0	0	0	0	0	0
Fam181b	0	0	0	1	0	0	0	0	0	0	0	0	0	0	0	0	0	0	0	0
Rmst	0	0	0	0	0	0	0	0	0	0	0	0	0	0	0	0	1	0	0	0
Rinl	0	0	0	0	0	0	0	0	0	0	0	0	0	0	0	1	0	0	0	0
Rprm	0	0	0	0	1	0	0	0	0	0	0	0	0	0	0	0	0	0	0	0
Mrap2	0	0	0	0	0	0	0	0	0	0	0	0	0	0	0	0	0	0	1	0
H2-DMb2	0	0	0	0	0	0	0	0	0	0	0	0	0	0	0	0	1	0	0	0
Thrsp	1	0	0	0	0	0	0	0	0	0	0	0	0	0	0	0	0	0	0	0
Vip	0	0	0	1	0	0	0	0	0	0	0	0	0	0	0	0	0	0	0	0
Nrtn	0	0	0	0	0	0	1	0	0	0	0	0	0	0	0	0	0	0	0	0
Gm11744	0	0	0	1	0	0	0	0	0	0	0	0	0	0	0	0	0	0	0	0
Nwd2	0	0	0	0	1	1	0	0	0	0	0	0	0	0	0	0	0	0	0	0
Tpd52l1	0	0	0	0	0	1	0	0	0	0	0	0	0	0	0	0	0	0	0	0
Doc2g	0	0	0	0	0	0	0	0	0	0	0	0	0	1	0	0	0	0	0	0
Nppa	0	0	0	0	0	0	0	0	0	0	0	0	0	0	1	0	0	0	0	0
Gpr17	0	0	0	0	0	0	0	0	0	0	0	0	0	0	0	1	0	0	0	0
Sema3a	0	0	0	0	0	0	0	0	0	1	0	0	0	0	0	0	0	0	0	0
Ptpn3	0	0	0	0	0	1	0	0	0	0	0	0	0	0	0	0	0	0	0	0
Tmem91	0	0	0	0	0	1	0	0	0	0	0	0	0	0	0	0	0	0	0	0
Inpp5j	0	0	0	0	0	0	0	0	0	0	0	0	0	0	1	0	0	0	0	0
5330429C05Rik	0	0	0	1	0	0	0	0	0	0	0	0	0	0	0	0	0	0	0	0
Tmem108	0	0	0	0	0	0	1	0	0	0	0	0	0	0	0	0	0	0	0	0
Six6	0	0	0	0	0	0	0	0	0	0	0	0	0	0	0	0	1	0	0	0
Erbb4	0	0	0	1	0	0	0	0	0	0	0	0	0	0	0	0	0	0	0	0
Nov	0	0	0	0	1	0	0	0	0	0	0	0	0	0	0	0	0	0	0	0
Gda	0	0	0	0	1	0	0	0	0	0	0	0	0	0	0	0	0	0	0	0
Klk6	0	0	0	0	0	0	0	0	0	0	0	0	0	0	0	1	0	0	0	0
Ppp1r14a	0	0	0	0	0	0	0	0	0	0	0	0	0	0	0	1	0	0	0	0
Cpne9	0	0	0	0	0	1	0	0	0	1	0	0	0	0	0	0	0	0	0	0
Lmo1	0	0	0	0	0	0	1	0	0	0	0	0	0	0	0	0	0	0	0	0
Nfatc2	0	0	0	0	0	0	1	0	0	0	0	0	0	0	0	0	0	0	0	0
Fign	0	0	0	1	0	0	0	0	0	0	0	0	0	0	0	0	0	0	0	0
Igfbpl1	0	0	0	0	0	0	0	0	0	0	0	0	1	0	0	0	0	0	0	0
Galnt9	0	0	0	0	1	0	0	0	0	0	0	0	0	0	0	0	0	0	0	0
Tal1	0	0	0	0	0	0	1	0	0	0	0	0	0	0	0	0	0	0	0	0
Vsig8	0	0	0	0	0	0	0	0	0	0	0	0	0	0	0	0	0	0	1	0
Ly6d	0	0	0	0	0	0	0	0	0	1	0	0	0	0	0	0	0	0	0	0
Fam84a	0	0	0	0	0	1	0	0	0	0	0	0	0	0	0	0	0	0	0	0
Atp2a3	0	1	0	0	0	0	0	0	0	0	0	0	0	0	0	0	0	0	0	0
Ptchd2	0	0	0	1	0	0	0	0	0	0	0	0	0	0	0	0	0	0	0	0
Hoxb7	0	0	0	0	0	0	0	0	0	0	0	0	0	0	0	0	0	0	1	0
Casp8	0	0	0	0	0	0	0	0	0	0	1	0	0	0	0	0	0	0	0	0
Unc13c	0	0	0	0	0	0	1	0	0	0	0	0	0	0	0	0	0	1	0	0
Fam107a	1	0	0	0	0	0	0	0	0	0	0	0	0	0	0	0	0	0	0	0
Smim22	0	0	0	0	0	0	0	0	0	0	0	0	0	0	0	0	1	0	0	0
Dynlrb2	1	0	0	0	0	0	0	0	0	0	0	0	0	0	0	0	0	0	0	0
Tcf7l2	0	0	0	0	0	1	0	0	0	0	0	0	0	0	0	0	0	0	0	0
Cdk1	0	0	0	0	0	0	0	1	0	0	0	0	0	0	0	0	0	0	0	0
Sema3g	0	0	0	0	0	0	0	0	0	0	0	0	0	0	0	0	0	0	0	1
Ccl24	0	0	0	0	0	0	0	0	0	0	1	0	0	0	0	0	0	0	0	0
Gm11549	0	0	0	0	1	0	0	0	0	0	0	0	0	0	0	0	0	0	0	0
Slc6a3	0	0	1	0	0	0	0	0	0	0	0	0	0	0	0	0	0	0	0	0
Lgi2	0	1	0	0	0	0	0	0	0	0	0	0	0	0	0	0	0	0	0	0
Evx1	0	0	0	0	0	1	0	0	0	0	0	0	0	0	0	0	0	0	0	0
Ngb	0	0	0	0	0	1	0	0	0	0	0	0	0	0	0	0	1	0	0	0
Glra1	0	0	0	0	0	0	1	0	0	1	0	0	0	0	0	0	0	1	1	0
Nhlh2	0	0	0	0	0	1	0	0	0	1	0	0	0	0	0	0	0	0	0	0
Phox2b	0	0	1	0	0	0	0	0	0	0	0	0	0	0	0	0	0	0	0	0
Gm2990	0	0	1	0	0	0	0	0	0	0	0	0	0	0	0	0	0	0	0	0
Hrk	0	0	0	0	1	0	0	0	0	0	0	0	0	0	0	0	0	0	0	0
Kcng1	0	0	0	0	1	0	0	0	0	0	0	0	0	0	0	0	0	0	0	0
Rxrg	0	0	0	0	0	0	0	0	0	0	0	1	0	0	0	0	0	0	0	0
Apln	0	0	0	0	0	0	0	0	0	0	0	0	0	0	0	0	0	0	0	1
Oxt	0	0	0	0	0	0	0	0	0	0	0	0	0	0	0	0	1	0	0	0
Gprasp2	0	0	0	0	0	1	0	0	0	0	0	0	0	0	0	0	0	0	0	0
Fam180a	0	0	0	0	0	0	0	0	0	0	0	0	0	0	0	0	0	0	0	1
Dock5	0	0	0	0	0	0	0	0	0	0	0	0	0	0	0	1	0	0	0	0
Ramp3	0	0	0	0	0	1	0	0	0	0	0	0	0	0	0	0	0	0	0	0
C130074G19Rik	0	0	0	0	1	0	0	0	0	0	0	0	0	0	0	0	0	0	0	0
Trim54	0	0	0	0	1	0	0	0	0	0	0	0	0	0	0	0	0	0	0	0
Synpr	0	0	0	0	0	0	0	0	0	0	0	0	0	0	1	0	0	0	0	0
Snx33	0	0	0	0	0	0	0	0	0	0	0	0	0	0	0	1	0	0	0	0
P2ry1	0	0	0	0	0	0	0	0	0	0	0	0	0	0	0	0	0	1	0	0
Sema4d	0	0	0	0	0	0	0	0	0	0	0	0	0	0	0	1	0	0	0	0
Gm5741	0	0	0	0	0	1	0	0	0	0	0	0	0	0	0	0	0	0	0	0
AF529169	0	0	0	0	0	0	0	0	0	1	0	0	0	0	0	0	0	0	0	0
2210011C24Rik	0	0	0	0	0	0	0	0	0	0	0	0	0	0	0	1	0	0	0	0
Ms4a7	0	0	0	0	0	0	0	0	0	0	1	0	0	0	0	0	0	0	0	0
Dmbx1	0	0	0	0	0	0	1	0	0	0	0	0	0	0	0	0	0	0	0	0
Igfbp2	1	0	0	0	0	0	0	0	0	0	0	0	0	0	0	0	0	0	0	0
Tcap	0	0	0	0	1	0	0	0	0	0	0	0	0	0	1	0	0	0	0	0
Mab21l2	0	0	0	0	0	0	0	0	0	0	0	0	0	0	0	0	0	0	1	0
Tagln	0	0	0	0	0	0	0	0	0	0	0	0	0	0	0	0	0	0	0	1
Tiam1	0	0	0	1	0	0	0	0	0	0	0	0	0	0	0	0	0	0	0	0
Nkx6-1	0	0	1	0	0	0	0	0	0	1	0	0	0	0	0	0	0	0	0	0
Syndig1l	0	0	0	0	0	0	0	0	0	0	0	1	0	0	0	0	0	0	0	0
Tmem72	0	0	0	0	0	0	0	0	0	1	0	0	0	0	0	0	0	0	0	0
Nppc	0	0	0	0	0	0	0	0	0	0	0	0	0	0	0	0	0	0	1	0
Hoxc5	0	0	0	0	0	0	0	0	0	1	0	0	0	0	0	0	0	0	0	0
Tmem114	0	0	0	0	0	0	0	0	1	0	0	0	0	0	0	0	0	0	0	0
Mns1	0	0	0	1	0	0	0	0	0	0	0	0	0	0	0	0	0	0	0	0
Lmx1a	0	0	0	0	0	0	0	0	0	0	0	0	0	1	0	0	0	0	0	0
Synpo2	0	0	0	0	0	1	0	0	0	0	0	0	0	0	0	0	0	0	0	0
Rgs5	0	0	0	0	0	0	0	0	0	0	0	0	0	0	0	0	0	0	0	1
Gad2	0	0	0	1	0	0	1	0	0	0	0	0	0	0	0	0	0	0	0	0
Sulf1	0	0	0	0	1	0	0	0	0	0	0	0	0	0	0	0	0	0	0	0
Plch1	0	0	0	0	0	0	0	0	0	0	0	0	0	0	0	0	0	1	0	0
4921539H07Rik	0	0	0	0	1	0	0	0	0	0	0	0	0	0	0	0	0	0	0	0
Dgkk	0	0	0	0	0	0	0	0	0	0	0	0	0	0	0	0	1	0	0	0
Spdef	1	0	0	0	0	0	0	0	0	0	0	0	0	0	0	0	0	0	0	0
Inadl	0	0	0	0	0	1	0	0	0	0	0	0	0	1	0	0	0	0	0	0
Rras2	0	0	0	0	0	0	0	0	0	0	0	0	0	0	0	1	0	0	0	0
Cplx3	0	0	0	1	1	0	0	0	0	0	0	0	0	0	0	0	0	0	0	0
Npw	0	0	1	0	0	0	0	0	0	0	0	0	0	0	0	0	0	0	0	0
Fam19a2	0	0	0	0	1	0	0	0	0	0	0	0	0	0	0	0	0	0	0	0
Defa24	0	0	0	0	0	0	0	0	0	1	0	0	0	0	0	0	0	0	0	0
Col19a1	0	0	0	1	0	0	0	0	0	0	0	0	0	0	0	0	0	0	0	0
Gad1	0	0	0	1	0	0	0	0	0	0	0	0	0	0	0	0	0	0	0	0
RP23-231J2.1	0	0	0	0	1	0	0	0	0	0	0	0	0	0	0	0	0	0	0	0
Ecscr	0	0	0	0	0	0	0	0	0	0	0	0	0	0	0	0	0	0	0	1
2700046A07Rik	0	0	0	0	0	0	0	0	0	0	0	0	0	0	0	1	0	0	0	0
Prrxl1	0	0	0	0	0	0	0	0	0	0	0	0	0	0	0	0	0	0	1	0
Pf4	0	0	0	0	0	0	0	0	0	0	1	0	0	0	0	0	0	0	0	0
Pcsk1	0	0	1	0	0	0	0	0	0	0	0	0	0	0	0	0	1	0	0	0
Pax2	0	0	0	0	0	0	0	0	0	0	0	0	0	0	0	0	0	1	0	0
Nxph3	0	0	0	0	1	0	0	0	0	0	0	0	0	0	0	0	0	0	0	0
Zmym1	0	0	0	0	0	0	0	0	0	0	0	0	0	0	0	0	0	0	1	0
Il1r1	0	0	1	0	0	0	0	0	0	0	0	0	0	0	0	0	0	0	0	0
Lingo4	0	0	0	0	0	0	0	0	0	1	0	0	0	0	0	0	0	0	0	0
Cdhr1	0	0	0	0	0	0	1	0	0	0	0	0	0	1	0	0	0	0	0	0
Sim1	0	0	0	0	0	0	0	0	0	0	0	0	0	0	0	0	1	0	0	0
Slc4a5	1	0	0	0	0	0	0	0	0	0	0	0	0	0	0	0	0	0	0	0
Gadd45g	0	0	0	0	0	0	0	0	0	0	0	0	0	0	0	0	1	0	0	0
Ret	0	0	1	0	0	0	0	0	0	0	0	0	0	0	0	0	0	0	0	0
Lims2	0	0	0	0	0	0	0	0	0	0	0	0	0	0	0	1	0	0	0	0
Prok2	0	0	0	0	0	0	0	0	0	0	0	0	0	0	1	0	0	0	0	0
Ccsap	0	0	0	0	0	0	0	0	0	0	0	0	0	0	1	0	0	0	0	0
Ecel1	0	0	0	0	0	0	0	0	0	0	0	0	0	0	0	0	1	0	0	0
Htr1b	0	0	0	0	0	0	0	0	0	1	0	0	0	0	0	0	0	0	0	0
Bcl2a1b	0	0	0	0	0	0	0	0	0	0	1	0	0	0	0	0	0	0	0	0
Mfsd2a	1	0	0	0	0	0	0	0	0	0	0	0	0	0	0	0	0	0	0	0
Acbd7	0	0	0	0	0	0	0	0	0	0	0	0	0	0	0	0	1	0	0	0
Wnt2	0	0	0	0	0	0	0	0	0	0	0	1	0	0	0	0	0	0	0	0
Clic6	1	0	0	0	0	0	0	0	0	0	0	0	0	0	0	0	0	0	0	0
Gjd2	0	0	0	0	0	1	0	0	0	0	0	0	0	0	0	0	0	0	0	0
Dao	1	0	0	0	0	0	0	0	0	0	0	0	0	0	0	0	0	0	0	0
Fam46a	0	0	1	0	0	0	0	0	0	0	0	0	0	0	0	0	1	0	0	0
D930028M14Rik	0	0	1	0	0	0	0	0	0	0	0	0	0	0	0	0	0	0	0	0
Ctss	0	0	0	0	0	0	0	0	0	0	1	0	0	0	0	0	0	0	0	0
Hoxc6	0	0	0	0	0	0	0	0	0	0	0	0	0	0	0	0	0	1	0	0
Pla2g5	0	0	0	0	0	0	0	0	0	0	0	0	0	0	0	0	0	0	1	0
Gjb2	0	0	0	0	0	0	0	0	0	0	0	0	0	0	0	0	0	0	0	1
Lhx9	0	0	0	0	0	1	0	0	0	0	0	0	0	0	0	0	0	0	0	0
Espn	0	0	0	0	0	0	0	0	0	0	0	0	0	0	0	0	1	0	0	0
Kcnv1	0	0	0	0	1	0	0	0	0	0	0	0	0	0	0	0	0	0	0	0
1700042O10Rik	0	0	0	0	0	0	0	0	0	0	0	0	1	0	0	0	0	0	0	0
Trem2	0	0	0	0	0	0	0	0	0	0	1	0	0	0	0	0	0	0	0	0
Nmb	0	0	0	0	0	0	0	0	0	0	0	0	0	1	0	0	0	0	0	0
Nefh	0	0	0	0	0	0	0	0	0	1	0	0	0	0	0	0	0	0	0	0
Platr17	0	0	0	0	0	0	0	0	0	0	0	0	1	0	0	0	0	0	0	0
Tmem26	0	0	1	0	0	0	0	0	0	0	0	0	0	0	0	0	0	0	0	0
Gm13205	0	0	0	0	0	1	0	0	0	0	0	0	0	0	0	0	0	0	0	0
Col6a1	0	0	0	0	0	0	0	0	0	0	0	0	0	0	1	0	0	0	0	0
Dkkl1	0	0	0	0	1	0	0	0	0	0	0	0	0	0	0	0	0	0	0	0
Rnf152	0	0	0	0	0	0	1	0	0	1	0	0	0	0	0	0	0	0	0	0
Tnnt1	0	0	0	0	0	0	1	0	0	0	0	0	0	0	0	0	0	0	0	0
2410004P03Rik	1	0	0	0	0	0	0	0	0	0	0	0	0	0	0	0	0	0	0	0
Barhl1	0	0	0	0	0	1	0	0	0	0	0	0	0	0	0	0	0	0	0	0
Ccr6	0	0	0	0	0	0	0	0	0	0	1	0	0	0	0	0	0	0	0	0
Col1a1	0	0	0	0	0	0	0	0	0	0	0	0	0	0	0	0	0	0	0	1
Egln3	0	0	0	1	0	0	0	0	0	0	0	0	0	0	0	0	0	0	0	0
Baiap3	0	0	0	0	0	0	0	0	0	0	0	0	0	0	0	0	1	0	0	0
Egfr	0	0	0	0	0	0	1	0	0	0	0	0	0	0	0	0	0	0	0	0
Bhlhe22	0	0	0	0	0	0	0	0	1	0	0	0	0	0	0	0	0	0	0	0
Ntf3	0	0	0	0	0	0	0	0	1	0	0	0	0	0	0	0	0	0	0	0
A830009L08Rik	0	0	0	0	1	0	0	0	0	0	0	0	0	0	0	0	0	0	0	0
Ugt8a	0	0	0	0	0	0	0	0	0	0	0	0	0	0	0	1	0	0	0	0
Islr	1	0	0	0	0	0	0	0	0	0	0	0	0	0	0	0	0	0	0	0
Clmp	0	1	0	0	0	0	0	0	0	0	0	0	0	0	0	0	0	0	0	0
Tmem215	0	0	0	0	0	0	0	0	0	0	0	0	0	0	0	0	1	0	0	0
Igf1	0	0	0	0	0	0	0	0	0	1	0	0	0	0	0	0	0	0	0	0
Brca1	0	0	0	0	0	0	0	0	0	0	0	0	0	0	0	1	0	0	0	0
Ndst4	0	0	0	0	1	1	0	0	0	0	0	0	0	0	0	0	0	0	0	0
Resp18	0	0	0	1	0	0	0	0	0	0	0	0	0	0	0	0	1	0	1	0
Ntn1	0	1	0	0	0	0	0	0	0	0	0	0	0	0	0	0	0	0	0	0
Ceacam10	0	0	0	0	0	0	0	1	0	0	0	0	0	0	0	0	0	0	0	0
Gpr139	0	0	0	0	0	0	0	0	0	1	0	0	0	0	0	0	0	0	0	0
Gfap	1	0	0	0	0	0	0	0	0	0	0	0	0	0	0	0	0	0	0	0
1500009L16Rik	0	0	0	0	0	0	0	0	0	0	0	0	0	0	0	0	0	1	0	0
Mdk	0	0	0	0	0	0	0	0	0	0	0	0	1	0	0	0	0	0	0	0
Dlx5	0	0	0	0	0	0	0	0	0	0	0	0	0	0	1	0	0	0	0	0
Lpl	0	0	0	0	1	0	0	0	0	0	0	0	0	0	0	0	0	0	0	0
Card10	0	0	0	0	0	0	0	0	0	0	0	0	0	0	0	0	0	0	1	0
Ido1	0	0	0	0	0	0	0	0	0	0	0	1	0	0	0	0	0	0	0	0
Kit	0	1	0	0	0	0	0	0	0	0	0	0	0	0	0	0	0	0	0	0
Shox2	0	0	0	0	0	1	0	0	0	0	0	0	0	0	0	0	0	0	0	0
Cxcl14	0	0	0	1	0	0	0	0	0	0	0	0	0	0	0	0	0	0	0	0
Vwc2	0	0	0	1	0	0	1	0	0	0	0	0	0	0	0	0	0	0	0	0
Gadd45a	0	0	0	0	0	0	0	0	0	0	0	0	0	0	0	0	0	0	0	1
Spink8	0	0	0	0	1	0	0	0	0	0	0	0	0	0	0	0	0	0	0	0
Pkd2l1	0	0	0	0	0	0	0	0	0	0	0	0	0	0	0	0	1	0	0	0
Sox11	0	0	0	0	0	0	0	0	0	0	0	0	1	0	0	0	0	0	0	0
Hoxb9	0	0	0	0	0	0	0	0	0	0	0	0	0	0	0	0	0	1	0	0
Meis2	0	0	0	0	0	0	0	0	0	0	0	0	0	0	1	0	0	0	0	0
Gm26644	0	0	0	0	1	0	0	0	0	0	0	0	0	0	0	0	0	0	0	0
Slc6a11	1	0	0	0	0	0	0	0	0	0	0	0	0	0	0	0	0	0	0	0
Spp1	0	0	0	0	0	0	0	0	0	1	0	0	0	0	0	0	0	0	0	0
Mboat7	0	0	0	0	0	0	0	0	0	0	0	0	0	0	0	0	1	0	0	0
Il22	0	1	0	0	0	0	0	0	0	0	0	0	0	0	0	0	0	0	0	0
Trim66	0	0	0	0	0	1	1	0	0	0	0	0	0	0	0	0	0	0	0	0
Pkib	0	0	0	0	1	0	0	0	0	0	0	0	0	1	0	0	1	0	0	0
Slc17a7	0	0	0	0	1	0	0	0	0	0	0	0	0	0	0	0	0	0	0	0
Gjb1	0	0	0	0	0	0	0	0	0	0	0	0	0	0	0	1	0	0	0	0
Tpbg	0	0	0	0	0	1	0	0	0	0	0	0	0	0	0	0	0	0	0	0
Prss23	0	0	0	0	1	0	0	0	0	0	0	0	0	0	0	0	0	0	0	0
Pnoc	0	0	0	1	0	0	0	0	0	0	0	0	0	0	0	0	0	1	0	0
Pltp	0	0	0	0	0	0	0	0	0	0	0	0	0	0	0	0	0	0	0	1
Lhx1os	0	0	0	0	0	0	1	0	0	0	0	0	0	0	0	0	0	0	0	0
Adgrg2	0	0	0	0	0	0	0	0	0	1	0	0	0	0	0	0	0	0	0	0
Slc13a3	1	0	0	0	0	0	0	0	0	0	0	0	0	0	0	0	0	0	0	0
Nmu	0	0	0	0	0	0	0	0	0	0	0	0	0	0	0	0	0	0	1	0
Relt	0	0	0	0	0	0	0	0	0	0	0	0	0	0	0	0	0	0	1	0
Dgkg	0	0	0	0	0	0	0	0	0	0	0	0	0	0	0	0	1	0	0	0
Satb2	0	0	0	0	1	0	0	0	0	0	0	0	0	0	0	0	0	0	0	0
Gkn3	0	0	0	0	0	0	0	0	0	0	0	0	0	0	0	0	0	0	0	1
Dlx2	0	0	0	0	0	0	0	0	0	0	0	0	1	0	0	0	0	0	0	0
Grm2	0	1	0	0	0	0	0	0	0	0	0	0	0	0	0	0	0	0	0	0
Nxph1	0	0	0	1	0	0	0	0	0	0	0	0	0	0	1	0	0	1	0	0
Myl4	0	0	0	0	1	0	0	0	0	0	0	0	0	0	0	0	0	0	0	0
Rgs9	0	0	0	0	0	0	0	0	0	0	0	1	0	0	0	0	0	0	0	0
Slc6a4	0	0	1	0	0	0	0	0	0	0	0	0	0	0	0	0	0	0	0	0
Qpct	0	0	0	1	0	0	0	0	0	0	0	0	0	0	0	0	0	0	0	0
Lhx2	0	0	0	0	1	0	0	0	0	0	0	0	0	0	0	0	0	0	0	0
Hoxc10	0	0	0	0	0	0	0	0	0	0	0	0	0	0	0	0	0	0	1	0
Cbln4	0	0	0	0	1	1	1	0	0	1	0	0	0	0	0	0	0	0	0	0
A830036E02Rik	0	0	0	0	1	0	0	0	0	0	0	0	0	0	0	0	0	0	0	0
Hoxc8	0	0	0	0	0	0	0	0	0	0	0	0	0	0	0	0	0	0	1	0
Hoxa9	0	0	0	0	0	0	0	0	0	0	0	0	0	0	0	0	0	0	1	0
B3gat2	0	0	0	0	1	0	0	0	0	0	0	0	0	0	0	0	0	1	0	0
Chodl	0	0	1	1	0	0	0	0	0	0	0	0	0	0	0	0	0	0	0	0
Zic4	0	0	0	0	0	0	0	0	0	1	0	0	0	0	0	0	0	0	0	0
Otp	0	0	0	0	0	0	0	0	0	0	0	0	0	0	0	0	1	0	0	0
Dlx1	0	0	0	0	0	0	0	0	0	0	0	0	1	0	0	0	0	0	0	0
Krt12	0	0	0	0	1	0	0	0	0	0	0	0	0	0	0	0	0	0	0	0
Tiam2	0	0	0	0	0	0	0	0	0	0	0	0	1	0	0	0	0	0	0	0
Trp73	0	0	0	0	0	1	0	0	0	0	0	0	0	0	0	0	0	0	0	0
Map3k7cl	0	0	0	0	0	0	0	0	0	0	0	0	0	0	0	0	0	0	0	1
Cnksr3	0	0	0	0	0	0	0	0	0	0	0	0	0	0	0	1	0	0	0	0
Cldn5	0	0	0	0	0	0	0	0	0	0	0	0	0	0	0	0	0	0	0	1
Gch1	0	0	1	0	0	0	0	0	0	0	0	0	0	0	0	0	0	0	0	0
Lyz2	0	0	0	0	0	0	0	0	0	0	1	0	0	0	0	0	0	0	0	0
Shisa3	0	0	0	0	0	0	0	0	0	0	0	0	0	1	0	0	0	0	0	0
Cpne6	0	0	0	0	0	0	0	0	0	0	0	0	0	0	1	0	0	0	0	0
Sst	0	0	0	1	0	0	0	0	0	0	0	0	0	0	0	0	0	0	0	0
Chrm2	0	0	0	1	0	0	0	0	0	0	0	0	0	0	0	0	0	0	0	0
Htr5b	0	0	0	0	0	1	0	0	0	0	0	0	0	0	0	0	0	0	0	0
Cpne4	0	0	0	0	1	0	0	0	0	0	0	0	0	0	0	0	0	0	0	0
Lhx5	0	0	0	0	0	1	0	0	0	0	0	0	0	0	0	0	0	0	0	0
Col25a1	0	0	0	0	0	1	1	0	0	0	0	0	0	0	0	0	0	0	0	0
Fgfr3	1	0	0	0	0	0	0	0	0	0	0	0	0	0	0	0	0	0	0	0
Ebf3	0	0	0	0	0	0	0	0	0	1	0	0	0	0	0	0	0	0	0	0
Nrl	0	0	0	0	0	0	0	0	0	0	0	0	0	0	0	0	0	1	0	0
Rln3	0	0	0	0	0	0	0	0	0	0	0	0	0	0	0	0	1	0	0	0
Tmie	0	0	0	0	0	0	0	0	0	0	0	0	0	0	0	0	1	0	0	0
Elfn1	0	0	0	1	0	0	1	0	0	0	0	0	0	0	0	0	0	0	0	0
Adcyap1	0	0	1	0	0	1	0	0	0	0	0	0	0	0	0	0	0	0	0	0
Otx1	0	0	1	0	0	0	0	0	0	0	0	0	0	0	0	0	0	0	0	0
Rnf182	0	0	0	0	1	0	0	0	0	0	0	0	0	0	0	0	0	0	0	0
Mlc1	1	0	0	0	0	0	0	0	0	0	0	0	0	0	0	0	0	0	0	0
Rem2	0	0	0	0	0	0	0	0	0	0	0	1	0	0	0	0	0	0	0	0
Tbr1	0	0	0	0	1	0	0	0	0	0	0	0	0	0	0	0	0	0	0	0
Cnr1	0	0	0	1	0	0	0	0	0	0	0	0	0	0	0	0	0	0	0	0
Kcnh3	0	0	0	0	0	0	0	0	0	0	0	0	0	0	1	0	0	0	0	0
Kctd12	0	0	0	1	0	0	0	0	0	0	0	0	0	0	0	0	0	0	0	0
Scn4b	0	0	0	0	0	0	0	0	0	1	0	0	0	0	0	0	0	0	0	0
Sorcs1	0	0	0	0	0	1	0	0	0	0	0	0	0	0	0	0	0	0	0	0
Serpinb1b	0	0	0	0	0	0	0	0	0	0	0	0	0	0	0	0	0	1	0	0
Kcnk3	0	0	0	0	0	0	0	0	0	0	0	0	0	0	0	0	0	1	0	0
Ccdc155	0	0	0	0	0	1	0	0	0	0	0	0	0	0	0	0	0	0	0	0
Chrna6	0	0	1	0	0	0	0	0	0	0	0	0	0	0	0	0	0	0	0	0
Rasl11a	0	0	0	0	0	1	0	0	0	0	0	0	0	0	0	0	0	0	0	0
Slc10a4	0	0	1	0	0	0	0	0	0	0	0	0	0	0	0	0	0	0	0	0
Clca3a1	0	0	0	0	0	0	0	1	0	0	0	0	0	0	0	0	0	0	0	0
C1ql1	0	0	0	0	0	0	0	1	0	0	0	0	0	0	0	0	0	0	0	0
Tyrp1	0	0	0	0	0	0	0	1	0	0	0	0	0	0	0	0	0	0	0	0
Klhl14	0	0	0	0	1	0	0	0	0	0	0	0	0	0	0	0	0	0	0	0
A730017C20Rik	0	0	0	0	0	0	0	0	0	0	0	0	0	0	0	0	1	0	0	0
Neurod1	0	1	0	0	0	0	0	0	0	0	0	0	0	0	0	0	0	0	0	0
C130021I20Rik	0	0	1	0	0	0	0	0	0	0	0	0	0	0	0	0	0	0	0	0
Hoxb5os	0	0	0	0	0	0	0	0	0	0	0	0	0	0	0	0	0	1	0	0
RP23-366O14.4	0	0	0	0	0	0	0	0	0	0	0	0	0	0	0	0	1	0	0	0
Casp1	0	0	0	0	0	0	0	0	0	0	0	0	0	1	0	0	0	0	0	0
Steap2	0	1	0	0	0	0	0	0	0	1	0	0	0	0	0	0	0	0	0	0
Garnl3	0	0	0	0	1	0	0	0	0	0	0	0	0	0	0	0	0	0	0	0
Slc17a6	0	0	0	0	0	1	0	0	0	0	0	0	0	0	0	0	0	0	0	0
Slc7a10	1	0	0	0	0	0	0	0	0	0	0	0	0	0	0	0	0	0	0	0
Ankrd35	0	0	0	0	0	1	0	0	0	0	0	0	0	0	0	0	0	0	0	0
Cacng5	0	0	0	0	0	0	1	0	0	0	0	0	0	0	0	0	0	0	0	0
Ntsr2	1	0	0	0	0	0	0	0	0	0	0	0	0	0	0	0	0	0	0	0
Tbx18	0	0	0	0	0	0	0	0	0	0	0	0	0	0	0	0	0	0	0	1
Slc32a1	0	0	0	0	0	0	1	0	0	0	0	0	0	0	0	0	0	0	0	0
Cnih3	0	0	0	0	1	0	0	0	0	0	0	0	0	0	0	0	0	0	0	0
Id4	1	0	0	0	0	0	0	0	0	0	0	0	0	0	0	0	0	0	0	0
Pou4f2	0	0	0	0	0	1	0	0	0	0	0	0	0	0	0	0	0	0	0	0
Kcns3	0	0	0	1	0	0	0	0	0	0	0	0	0	0	0	0	0	0	0	0
Rell1	0	0	0	0	1	0	0	0	0	0	0	0	0	0	0	0	0	0	0	0
Lrrc55	0	0	0	0	0	1	0	0	0	0	0	0	0	0	0	0	0	0	0	0
Pax7	0	0	0	0	0	0	1	0	0	0	0	0	0	0	0	0	0	0	0	0
Rab37	0	0	0	0	0	0	0	0	0	0	0	0	0	0	0	1	0	0	0	0
Atp6ap1l	0	0	0	0	0	0	0	0	0	0	0	0	0	1	0	0	0	0	0	0
Trpc3	0	0	0	0	0	0	0	0	0	0	0	0	0	1	0	0	0	0	0	0
Crym	0	0	0	0	1	0	0	0	0	0	0	0	0	0	0	0	0	0	0	0
Rbp4	0	0	0	1	0	0	0	0	0	0	0	0	0	0	0	0	0	0	0	0
Cxcl2	0	0	0	0	0	0	0	0	0	0	1	0	0	0	0	0	0	0	0	0
Nr2f2	0	0	0	1	0	0	0	0	0	0	0	0	0	0	0	0	0	0	0	0
Plagl1	0	0	1	0	0	0	0	0	0	0	0	0	0	0	0	0	0	0	0	0
Baiap2l1	0	0	0	0	1	0	0	0	0	0	0	0	0	0	0	0	0	0	0	0
Adgrd1	0	0	0	0	0	0	0	0	0	0	0	0	0	1	0	0	0	0	0	0
Slc36a2	1	0	0	0	0	0	0	0	0	0	0	0	0	0	0	0	0	0	0	0
Cyp2s1	0	0	0	0	0	0	0	0	0	1	0	0	0	0	0	0	0	0	0	0
Htr3a	0	0	0	1	0	0	0	0	0	0	0	0	0	0	0	0	0	0	0	0
Nrg1	0	1	0	0	0	0	0	0	0	0	0	0	0	0	0	0	0	0	0	0
4833422C13Rik	0	0	0	0	1	0	0	0	0	0	0	0	0	0	0	0	0	0	0	0
Thbd	0	0	0	0	0	0	0	0	0	0	0	0	0	0	0	0	0	0	0	1
Kcnip2	0	0	0	0	0	0	0	0	0	0	0	0	0	0	1	0	0	0	0	0
Dclk3	0	0	0	0	0	0	0	0	0	0	0	1	0	0	0	0	0	0	0	0
En1	0	0	1	0	0	1	0	0	0	0	0	0	0	0	0	0	0	0	0	0
Ccna1	0	0	0	1	0	0	0	0	0	0	0	0	0	0	0	0	0	0	0	0
Teddm3	0	0	0	1	0	0	0	0	0	0	0	0	0	0	0	0	0	0	0	0
Slc22a6	0	0	0	0	0	0	0	0	0	0	0	0	0	0	0	0	0	0	0	1
Hhip	0	0	0	0	0	0	0	0	0	0	0	0	0	0	0	1	0	0	0	0
Gm5	0	0	0	0	0	0	0	0	0	1	0	0	0	0	0	0	0	1	0	0
Nog	0	0	0	0	0	0	0	0	0	0	0	0	0	0	0	0	1	0	0	0
Cadps2	0	0	0	1	0	0	0	0	0	0	0	0	0	0	0	0	0	0	0	0
Pax6	0	1	0	0	0	0	0	0	0	0	0	0	0	0	0	0	0	0	0	0
Calb1	0	0	0	0	1	0	0	0	0	0	0	0	0	0	0	0	0	0	0	0
Hs3st2	0	0	0	0	1	0	0	0	0	0	0	0	0	0	0	0	0	0	0	0
Sema3f	0	0	0	0	0	1	0	0	0	0	0	0	0	0	0	0	0	0	0	0
Opalin	0	0	0	0	0	0	0	0	0	0	0	0	0	0	0	1	0	0	0	0
Ccrl2	0	0	0	0	0	0	0	0	0	0	1	0	0	0	0	0	0	0	0	0
Ucn3	0	0	0	0	0	0	0	0	0	0	0	0	0	0	0	0	1	0	1	0
4930426D05Rik	0	0	0	0	1	0	0	0	0	0	0	0	0	0	0	0	0	0	0	0
Tph2	0	0	1	0	0	0	0	0	0	0	0	0	0	0	0	0	0	0	0	0
Ccl4	0	0	0	0	0	0	0	0	0	0	1	0	0	0	0	0	0	0	0	0
Tmem163	0	0	0	0	0	0	0	0	0	0	0	0	0	0	0	1	0	0	0	0
Fam131c	0	0	0	0	0	0	0	0	0	1	0	0	0	0	0	0	0	0	0	0
Kank3	0	0	0	0	0	0	0	0	0	0	0	0	0	0	1	0	0	0	0	0
Ibsp	0	0	0	1	0	0	0	0	0	0	0	0	0	0	0	0	0	0	0	0
Ngf	0	0	0	1	0	0	0	0	0	0	0	0	0	0	0	0	0	0	0	0
Olfm3	0	0	0	0	1	0	0	0	0	0	0	0	0	0	0	0	0	0	0	0
Higd1b	0	0	0	0	0	0	0	0	0	0	0	0	0	0	0	0	0	0	0	1
Ppp1r14c	0	1	0	0	0	0	0	0	0	0	0	0	0	0	0	0	0	0	0	0
Vamp1	0	0	0	0	0	1	0	0	0	1	0	0	0	0	0	0	0	0	0	0
Oprk1	0	0	0	0	1	0	0	0	0	0	0	0	0	0	0	0	0	0	0	0
Agt	1	0	0	0	0	0	0	0	0	0	0	0	0	0	0	0	0	0	0	0
Ncmap	0	0	0	0	0	0	0	1	0	0	0	0	0	0	0	0	0	0	0	0
Cfap221	0	0	0	0	0	1	0	0	0	0	0	0	0	0	0	0	0	0	0	0
Id2	0	0	0	0	0	0	0	0	0	0	0	0	0	0	1	0	0	0	0	0
Myl1	0	0	0	1	0	0	0	0	0	0	0	0	0	0	0	0	0	0	0	0
Hdc	1	0	0	0	0	0	0	0	0	0	0	0	0	0	0	0	0	0	0	0
Adra2a	0	0	0	0	0	0	0	0	0	0	0	0	0	0	0	0	1	0	0	0
Irx4	0	0	1	0	0	0	0	0	0	0	0	0	0	0	0	0	0	0	0	0
Itpr2	0	0	0	0	0	0	0	0	0	0	0	0	0	0	0	1	0	0	0	0
Rpp25	0	0	0	0	0	0	1	0	0	0	0	0	0	0	0	0	0	0	0	0
Pbk	0	0	0	0	0	0	0	1	0	0	0	0	0	0	0	0	0	0	0	0
Meox1	0	0	0	0	0	0	0	0	0	0	0	0	0	0	0	0	0	0	0	1
Slc7a14	0	0	1	0	0	0	0	0	0	0	0	0	0	0	0	0	0	0	0	0
Cldn19	0	0	0	0	0	0	0	1	0	0	0	0	0	0	0	0	0	0	0	0
1700003F12Rik	0	0	0	0	0	0	0	0	0	1	0	0	0	0	0	0	0	0	0	0
Fezf1	0	0	0	0	0	0	0	0	0	0	0	0	0	0	0	0	1	0	0	0
Fzd7	0	0	0	0	0	0	0	0	0	0	0	0	0	1	0	0	0	0	0	0
Irx1	0	0	0	0	0	0	0	0	0	1	0	0	0	0	0	0	0	0	0	0
Ctxn3	0	0	0	0	0	0	0	0	0	0	0	0	0	1	0	0	0	0	0	0
C1ql2	0	0	0	0	0	0	0	0	1	0	0	0	0	0	0	0	0	0	0	0
Smim17	0	0	0	0	0	0	1	0	0	0	0	0	0	0	0	0	0	0	0	0
Htr1a	0	0	0	0	1	0	0	0	0	0	0	0	0	0	0	0	0	0	0	0
Maob	0	0	1	0	0	0	0	0	0	0	0	0	0	0	0	0	0	0	0	0
Slc18a3	0	0	1	0	0	0	0	0	0	0	0	0	0	0	0	0	0	0	0	0
Oscp1	0	0	0	0	0	1	0	0	0	0	0	0	0	0	0	0	0	0	0	0
Ipcef1	0	0	0	0	1	0	0	0	0	0	0	0	0	0	0	0	0	0	0	0
Pdyn	0	0	1	0	0	0	0	0	0	0	0	0	0	0	0	0	0	0	0	0
Scgb3a1	0	0	0	0	0	0	0	0	0	0	0	0	0	0	0	0	0	0	0	1
Rgs16	0	0	0	0	0	0	0	0	0	0	0	0	0	0	0	0	1	0	0	0
Ntng1	0	0	0	1	0	0	0	0	0	0	0	0	0	0	0	0	0	0	0	0
Tshz3	0	0	0	0	0	0	0	0	0	0	0	0	0	0	0	0	0	0	1	0
Ttr	1	0	0	0	0	0	0	0	0	0	0	0	0	0	0	0	0	0	0	0
Selplg	0	0	0	0	0	0	0	0	0	0	1	0	0	0	0	0	0	0	0	0
Gdf10	1	0	0	0	0	0	0	0	0	0	0	0	0	0	0	0	0	0	0	0
Kcnj8	0	0	0	0	0	0	0	0	0	0	0	0	0	0	0	0	0	0	0	1
Ucn	0	0	1	0	0	0	0	0	0	0	0	0	0	0	0	0	0	0	0	0
Zcchc12	0	0	0	0	0	0	0	0	0	0	0	0	0	0	0	0	1	0	0	0
Ube2c	0	0	0	0	0	0	0	0	0	0	0	0	1	0	0	0	0	0	0	0
Klhl13	0	0	1	0	0	0	0	0	0	0	0	0	0	0	0	0	0	0	0	0
4933407L21Rik	1	0	0	0	0	0	0	0	0	0	0	0	0	0	0	0	0	0	0	0
Mpz	0	0	0	0	0	0	0	1	0	0	0	0	0	0	0	0	0	0	0	0
Mpped1	0	0	0	0	1	0	0	0	0	0	0	0	0	0	0	0	0	0	0	0
Tmem141	0	0	0	0	0	0	0	0	0	0	0	0	0	0	0	1	0	0	0	0
Wfdc2	1	0	0	0	0	0	0	0	0	0	0	0	0	0	0	0	0	0	0	0
Ebf2	0	0	0	0	0	0	0	0	0	0	0	0	0	0	0	0	0	0	1	0
Slc25a18	1	0	0	0	0	0	0	0	0	0	0	0	0	0	0	0	0	0	0	0
Htr1f	0	0	0	0	0	0	0	0	0	0	0	0	0	0	1	0	0	0	0	0
Lhfpl3	0	0	0	0	0	0	0	1	0	0	0	0	0	0	0	0	0	0	0	0
Igsf3	0	0	0	0	0	0	1	0	0	0	0	0	0	0	0	0	0	0	0	0
Lypd1	0	0	0	0	1	0	0	0	0	0	0	0	0	0	0	0	0	0	0	0
Rspo3	0	0	0	0	0	0	0	0	0	0	0	0	0	0	0	0	0	1	0	0
Lbx1	0	0	0	0	0	0	0	0	0	0	0	0	0	0	0	0	0	0	1	0
Emx1	0	0	0	0	0	0	0	0	0	0	0	0	1	0	0	0	0	0	0	0
Hdhd3	0	0	0	1	0	0	0	0	0	0	0	0	0	0	0	0	0	0	0	0
Ebf1	0	0	0	0	0	1	0	0	0	0	0	0	0	0	0	0	0	0	1	0
2810459M11Rik	1	0	0	0	0	0	0	0	0	0	0	0	0	0	0	0	0	0	0	0
Hoxa10	0	0	0	0	0	0	0	0	0	0	0	0	0	0	0	0	0	0	1	0
Pde1c	0	0	0	0	0	0	0	0	0	0	0	0	0	0	1	0	0	0	0	0
Stac2	0	0	0	0	0	0	0	0	0	1	0	0	0	0	0	0	0	0	0	0
Cdc20	0	0	0	0	0	0	0	1	0	0	0	0	0	0	0	0	0	0	0	0
Spp2	1	0	0	0	0	0	0	0	0	0	0	0	0	0	0	0	0	0	0	0
Rab9b	0	0	0	0	0	1	0	0	0	0	0	0	0	0	0	0	0	0	0	0
Hoxb4	0	0	0	0	0	0	0	0	0	1	0	0	0	0	0	0	0	0	0	0
Fam178b	0	0	0	0	0	0	0	1	0	0	0	0	0	0	0	0	0	0	0	0
Fam214a	0	0	0	0	0	0	0	0	0	0	0	0	0	0	0	1	0	0	0	0
