270	212	19
1389	1215	54
1051	360	89
592	777	10
1058	223	84
615	69	31
1063	868	23
436	303	53
836	906	37
1389	533	30
731	1193	34
1259	1122	25
669	480	39
176	175	36
902	1266	59
317	130	39
843	358	88
277	800	24
676	148	90
267	1485	89
688	427	30
379	446	71
1196	1102	32
267	1285	78
1249	972	64
786	997	53
510	268	30
1541	1418	80
234	384	53
1148	692	18
1505	652	76
326	1211	54
1014	738	57
627	520	54
1540	953	89
807	279	59
734	247	68
1162	999	43
1477	941	47
510	1085	82
1126	936	76
356	631	34
174	210	43
82	618	40
526	780	75
146	1206	77
529	266	35
1165	238	33
1010	253	19
1295	438	50
1176	277	45
1020	606	90
355	285	68
368	634	79
665	1211	73
836	379	30
211	807	10
1205	825	43
1427	653	22
955	755	56
542	957	20
893	769	61
252	899	52
35	851	66
136	1481	30
1112	831	54
610	259	24
815	1250	53
76	367	21
787	299	53
113	574	56
563	794	41
21	552	58
982	1136	36
38	869	51
1268	1429	63
1443	1287	41
725	123	48
292	735	11
1154	945	56
913	422	9
328	1142	53
1138	373	28
683	324	16
644	4	38
1455	1147	41
602	1158	43
796	358	72
293	646	72
1275	1077	83
91	253	20
1438	1021	22
791	263	56
1203	1011	78
30	797	6
959	759	37
1472	948	16
1510	1139	69
928	1497	9
1270	1295	71
8	3	50
1561	1276	54
808	1008	28
867	134	25
640	326	67
816	282	54
73	596	84
1134	668	86
752	66	86
987	430	68
579	1105	87
137	1163	90
1581	1048	68
812	1308	39
731	655	34
905	812	79
1002	795	76
962	1534	92
955	700	80
721	677	80
1086	266	33
640	1479	78
1486	606	57
827	1475	8
798	236	82
1594	1116	55
1482	1380	60
1654	1111	39
1327	450	78
15	696	30
504	742	46
1365	1265	30
163	421	35
711	364	79
1359	1183	36
775	6	75
1170	651	37
1028	861	61
116	742	93
1055	1093	58
367	956	23
1032	934	51
235	1327	10
130	1354	47
806	1106	54
326	935	68
500	1458	86
910	530	73
1008	491	44
1117	183	33
996	554	34
58	778	66
1223	493	27
857	127	58
1161	1148	47
187	697	16
1200	918	45
188	546	72
217	1147	56
621	1249	15
1462	590	44
536	1090	74
910	1480	55
213	802	17
143	724	89
306	2	76
873	741	32
864	199	30
1466	807	46
26	114	35
329	913	79
971	1303	87
804	161	24
92	751	59
786	1425	83
49	1495	61
154	109	11
77	600	21
678	953	69
375	591	10
796	1069	72
767	1041	16
1272	878	41
410	617	61
56	169	37
1613	1300	65
45	817	49
829	159	17
83	177	92
192	1064	7
889	291	63
1404	1192	94
1021	431	11
382	911	35
1134	969	26
1199	535	37
700	65	75
392	7	64
1152	753	74
1710	1437	92
327	432	90
1447	1217	90
754	1353	69
572	709	73
1139	611	56
76	1378	48
548	87	54
207	657	41
759	106	59
847	1320	93
1156	555	29
212	1101	47
826	164	61
544	1439	69
1561	1365	55
325	792	41
289	677	32
770	154	59
1046	1065	78
382	1392	18
1076	1462	69
412	1284	79
1318	1265	67
34	1048	25
945	1130	44
622	849	90
945	326	34
1674	1459	64
91	1107	78
244	406	16
749	132	94
199	246	82
1168	1159	22
244	315	30
292	149	54
937	272	27
313	250	14
315	419	47
442	1197	55
1373	1338	80
542	1021	47
1214	448	94
1573	969	53
1427	1382	81
217	494	34
1494	923	40
1224	681	19
1074	1057	63
466	1046	61
306	1017	8
724	805	68
609	1524	41
1130	136	47
257	425	25
367	263	15
446	107	8
992	1535	80
1111	1468	42
463	1335	70
879	322	46
188	370	80
126	171	35
551	1054	6
1092	1464	31
1010	214	19
1355	967	68
1267	1528	50
992	1535	83
146	262	78
1063	309	45
122	930	12
1022	425	42
535	1328	35
782	1126	83
1681	1377	89
622	3	29
904	965	78
1719	1466	58
535	1233	10
636	1396	81
186	208	89
1277	1002	59
286	201	7
666	1472	72
481	1295	6
926	199	18
880	415	51
379	206	62
1470	1459	51
1005	424	25
1135	685	28
1217	1252	86
359	1525	15
1131	568	82
820	385	11
320	295	57
1076	1046	91
1096	709	50
105	1351	94
1309	1037	59
1516	1060	33
743	1130	52
954	1316	15
183	416	70
1312	250	76
1598	1520	52
1339	417	38
1286	1154	52
1357	1393	50
1088	1248	74
576	106	76
80	776	72
377	483	84
354	1344	19
975	451	53
699	1065	79
653	1328	21
424	460	39
1358	971	87
345	1498	32
551	341	45
959	600	52
150	30	23
1189	1330	40
784	59	80
230	1431	93
1182	1240	41
1351	415	43
65	1035	64
790	136	76
710	1159	19
1019	1211	51
1163	775	30
1583	987	63
1056	1244	85
1318	1101	41
564	978	28
1359	1074	27
418	1521	92
1057	1029	61
1215	614	66
1020	639	29
735	27	47
1044	158	57
1230	161	78
584	1124	12
847	759	31
161	866	50
19	957	45
369	464	14
957	894	38
469	855	25
1312	1171	57
441	1046	22
1128	316	54
1577	1334	71
818	727	30
1231	1222	47
820	374	63
836	261	41
106	182	52
1625	1225	34
51	246	13
969	425	61
205	704	35
538	533	31
902	1480	38
1250	116	45
982	1439	54
840	1474	84
1046	1393	37
1068	1063	44
707	858	34
1221	375	42
719	1098	23
1539	911	70
1108	408	23
1271	1500	94
1141	1045	68
868	132	69
1326	1249	42
1552	1239	74
1269	934	83
704	114	53
1191	258	32
1075	487	71
1276	628	87
225	1347	79
348	803	86
1342	1268	94
600	715	84
1140	891	65
995	1249	32
1636	1066	66
701	935	22
193	1191	42
560	333	89
1313	1347	16
728	789	92
504	463	65
950	1011	64
553	48	43
1365	683	42
348	1470	43
1309	1313	55
532	1085	44
1374	1004	21
432	265	80
54	1027	60
195	84	53
178	1109	87
765	1397	75
156	1330	56
940	1016	7
1252	645	46
321	863	59
73	353	46
1255	265	30
507	829	49
1206	1048	42
1140	368	65
58	220	33
803	497	92
480	397	67
1103	744	35
1251	1524	39
854	1107	17
1508	802	25
9	720	90
1036	727	35
258	437	67
1339	774	47
990	93	77
1048	181	67
324	1286	73
462	786	25
782	168	40
1263	1090	43
82	935	26
76	1235	25
1374	856	90
1024	713	48
75	1371	6
840	1410	67
478	678	19
1377	1406	19
1589	1459	42
748	1456	82
381	263	10
1066	219	38
886	1082	73
887	781	53
839	414	45
713	1030	72
666	1061	7
436	693	34
858	765	15
664	841	21
520	857	6
642	168	85
685	1321	15
1367	639	31
1304	1273	86
643	1024	63
910	793	93
1036	628	33
1128	667	37
1236	725	38
201	815	55
614	831	40
756	605	14
1247	1198	93
316	183	36
909	35	19
424	1129	62
345	184	66
1242	118	72
739	1254	19
249	263	12
211	219	65
21	984	67
516	686	36
936	1070	34
1574	1421	61
800	311	22
980	758	76
322	100	36
580	1351	25
1681	1326	49
1294	891	75
957	599	16
866	1241	13
1173	78	63
1228	907	55
899	595	50
1625	1023	64
1609	1302	60
1201	1354	13
873	12	80
779	1514	64
656	206	70
1344	1388	87
127	35	10
338	1145	57
815	196	56
1324	1072	62
175	947	25
1019	215	64
919	408	38
445	439	42
421	947	35
1356	1277	71
626	1261	51
888	736	83
857	958	26
679	1152	75
510	715	9
569	772	54
459	507	15
1407	957	23
512	1420	9
748	1149	28
868	161	77
1337	295	63
1064	412	67
31	1233	84
430	1376	74
208	129	32
487	695	50
1311	1300	80
668	911	42
899	416	22
1114	435	49
1194	889	61
951	16	78
1362	1218	15
7	1522	61
805	160	30
730	373	46
1386	300	28
78	250	25
1268	1483	77
556	133	20
1376	1078	72
406	368	72
433	1075	30
1077	278	74
745	127	75
947	1397	88
767	1126	48
440	1370	18
400	445	93
1315	226	82
1131	224	63
1169	1014	82
505	1079	14
1451	853	24
522	788	19
1207	648	83
758	1078	23
1341	623	21
191	1330	89
1218	123	18
896	874	16
1652	1526	54
236	268	90
1227	504	68
1275	1171	70
579	790	17
1122	600	34
856	409	45
1199	562	56
1396	812	44
1032	389	44
1405	319	26
414	635	79
944	1495	70
930	1049	17
399	875	78
1240	327	34
1222	295	64
1003	163	15
570	888	88
948	410	33
484	1097	83
1494	1292	47
831	1247	68
15	837	78
1336	375	59
214	478	34
575	491	89
642	348	11
1417	828	83
948	652	33
1379	966	54
707	1258	30
328	949	60
27	857	11
1730	1444	41
998	591	87
885	310	33
1103	1092	14
754	322	11
822	1258	20
189	129	55
325	937	71
1191	365	78
633	803	20
1175	1495	81
930	953	84
1138	1095	83
570	1441	17
514	886	33
1198	1473	61
780	192	86
1335	489	49
237	1192	19
197	51	87
1620	1055	84
1322	1445	32
1464	1365	41
801	1198	46
569	728	47
1190	1125	27
386	377	93
1315	1217	23
594	1364	70
1151	1402	40
841	883	67
693	578	46
5	361	54
249	1313	46
1395	963	85
1281	1526	91
612	1522	80
241	620	40
872	1405	31
110	498	45
1255	252	87
1519	807	43
1011	1034	49
471	1024	26
319	491	12
1518	1448	91
137	721	15
1013	466	50
1609	1527	60
709	331	70
1122	1127	24
915	1412	13
828	527	22
493	567	26
1301	1505	25
954	323	14
309	120	27
1240	1433	66
1124	280	18
777	800	58
231	1392	76
543	833	28
606	455	77
1617	1017	84
510	314	12
467	317	94
52	1120	47
455	501	49
274	539	64
906	488	37
875	1059	22
1378	280	24
883	17	30
1355	944	48
363	939	22
1490	1053	51
893	229	53
320	1281	35
73	1130	57
692	1328	11
136	1343	48
663	512	18
1353	993	87
305	208	74
553	1530	85
338	736	90
1291	737	55
621	13	71
514	375	11
1256	912	80
1411	1151	15
22	1005	29
1110	176	44
1341	517	48
66	517	62
841	790	48
1002	360	43
435	432	68
1076	480	90
1207	383	25
905	938	16
537	746	49
1293	768	30
374	353	22
155	1412	52
730	482	15
931	1354	83
473	220	86
428	79	6
1007	878	18
1224	969	64
1172	772	59
1494	609	69
584	86	36
189	221	73
1401	1115	41
15	849	89
552	180	80
498	978	29
417	1268	73
1369	1207	83
1113	726	59
1178	417	62
136	786	89
1224	1271	42
1500	1425	42
893	913	46
837	299	19
350	471	49
13	1358	75
263	53	10
359	708	13
316	775	49
370	780	65
246	183	59
260	981	23
630	134	57
1318	202	45
941	591	54
833	9	10
1205	68	43
1122	521	20
1200	641	61
430	1520	89
1340	1495	74
349	599	47
417	750	52
341	4	64
949	744	75
320	161	49
800	315	15
1399	400	82
170	265	90
1541	1340	22
372	393	36
374	1123	93
666	42	58
316	1120	73
749	547	9
168	392	20
498	526	49
1152	957	43
22	766	76
13	1137	13
659	642	12
1297	1255	91
928	675	65
356	871	91
1035	1495	21
342	1106	11
1172	921	29
708	585	25
595	1019	17
1090	195	56
1274	970	37
634	1256	90
732	1107	33
7	1453	50
1251	1437	15
894	230	48
628	815	71
1210	1180	75
215	435	60
1138	713	74
797	602	80
244	826	59
1084	1041	12
448	500	61
472	186	35
999	488	91
1184	1327	64
859	56	74
1249	1165	93
552	1197	20
855	487	90
406	641	52
1097	100	26
1511	1171	48
1120	1086	14
15	769	64
312	935	15
414	1133	50
1187	665	46
1206	94	46
576	932	49
1091	815	57
594	1055	86
567	264	19
1187	668	40
1257	720	70
1020	277	78
397	190	92
772	1068	39
1065	1022	71
1393	770	88
1461	700	42
1210	1253	16
674	17	45
659	576	93
11	746	30
1540	1443	74
454	601	81
51	699	45
80	1231	6
1358	1528	88
328	1452	70
741	125	20
1362	1054	57
793	1262	69
760	6	21
613	1531	69
720	414	35
59	1331	44
847	1336	39
1473	1052	49
1007	25	17
1553	1012	40
1081	683	59
579	1133	72
983	658	65
1204	566	77
991	547	59
1175	825	88
995	589	13
355	80	43
1506	1365	83
1363	1129	39
1540	1138	88
1262	150	92
1115	1197	84
1124	319	32
298	487	42
126	1074	49
927	713	76
20	1466	46
1337	627	51
123	1294	82
1530	1211	93
1226	106	93
683	1521	51
998	795	69
1196	1244	25
712	449	90
168	351	36
1208	1137	82
546	1223	46
1366	1313	75
88	575	91
1659	1430	40
1378	1276	94
152	344	49
734	640	80
643	282	93
859	1317	48
1355	562	72
268	1172	23
1684	1320	76
875	1153	57
742	314	48
1223	376	46
112	986	79
74	617	75
1026	602	58
621	919	28
233	864	73
1144	1084	14
724	1337	15
823	163	62
513	1331	48
247	1301	49
890	1380	56
713	411	52
932	583	66
475	491	55
471	488	32
1491	687	58
149	232	9
415	1123	35
604	1186	63
607	433	35
949	68	89
144	4	49
1239	608	78
10	89	44
1189	746	42
1269	117	27
372	63	86
97	159	43
308	418	57
552	1415	45
874	1229	16
384	1069	86
865	1062	46
1133	417	41
1328	1442	58
1047	1107	86
248	980	39
126	876	24
161	1002	77
559	888	75
1296	1164	71
1054	119	41
438	1033	22
741	591	14
444	401	10
627	1259	48
604	1179	52
1442	1498	53
804	962	58
1283	715	32
297	1379	60
620	387	91
843	1187	51
1094	497	19
722	1410	17
747	1236	28
855	52	35
961	194	90
54	221	27
1294	832	25
717	107	44
1063	427	24
1247	1178	83
652	463	23
905	371	89
33	1337	35
698	5	15
305	114	21
684	23	26
1171	522	70
857	258	81
1202	686	25
633	536	82
512	1455	36
1079	317	42
1655	1412	53
816	1445	19
348	1063	82
1232	486	73
1243	423	49
655	1060	50
509	151	85
1213	1027	66
1289	661	92
1391	1388	51
1098	674	17
695	1112	64
1489	607	59
963	1256	17
1586	1072	70
1293	1519	74
6	932	76
188	821	10
1072	965	73
1395	388	71
74	149	85
765	149	53
1319	579	62
1458	1139	90
567	214	73
1055	755	73
488	757	78
120	975	40
1264	1440	79
1380	1406	89
311	1198	36
119	313	35
1466	1005	57
542	667	11
1386	952	35
947	592	58
234	1118	61
526	1181	47
1213	294	74
1517	1341	81
1065	1385	75
166	370	66
277	183	63
1213	887	84
966	890	19
945	241	69
547	140	67
699	1067	92
13	1487	63
602	1353	78
518	1124	60
576	660	18
1659	1266	92
259	806	25
174	1252	82
429	1161	68
1566	1292	32
1072	514	86
4	398	45
811	676	21
159	384	72
323	667	94
627	416	52
747	63	32
864	1236	7
919	1362	52
1148	811	31
1071	280	78
1045	274	16
269	1266	70
57	178	42
1038	140	77
347	1460	53
1182	343	17
338	911	66
402	47	33
804	1328	94
681	491	23
615	535	78
975	738	53
1277	740	22
1545	1496	48
404	1387	87
512	557	35
74	1167	77
168	1095	82
110	261	69
566	268	77
1181	1076	55
1550	1528	21
897	312	59
251	119	22
284	1517	71
915	557	27
659	107	36
1083	803	19
1215	1090	46
519	156	38
72	246	89
804	1021	52
185	90	49
468	1249	55
122	226	83
790	1170	18
404	171	69
187	158	74
1291	1127	39
454	1080	68
64	785	53
589	442	79
1447	1509	39
1317	1341	10
1442	1012	91
677	1126	72
1338	1075	91
874	1380	8
741	1224	25
1360	1483	16
341	476	63
1114	457	73
419	469	24
444	1059	11
1330	1525	62
1253	1470	70
1315	528	23
1291	938	28
663	1420	69
1506	1406	77
1076	1009	13
664	472	55
299	1394	51
646	641	83
955	289	83
843	1338	89
1041	386	64
188	68	30
747	177	24
453	507	19
438	442	87
91	945	9
562	1370	37
1211	803	19
1273	856	18
1317	1351	49
700	848	42
39	1482	61
539	206	91
670	1183	66
1029	849	21
235	1250	70
809	334	37
1168	911	34
1379	1409	12
739	1421	68
420	1525	67
1665	1317	83
1082	968	60
1075	481	62
173	1235	8
1347	1407	56
24	936	28
1179	818	61
1284	1517	50
114	918	64
772	296	25
1255	635	52
81	1076	81
309	1024	46
808	1095	56
454	628	7
947	1312	60
594	322	31
181	350	46
219	321	81
412	1444	11
1413	1013	63
289	85	36
208	812	45
659	708	50
1358	1018	46
1128	581	81
1160	54	55
470	748	81
1505	661	46
334	146	9
807	649	44
734	657	58
405	839	43
308	519	88
1310	323	90
51	574	43
1161	660	52
993	1091	41
1375	477	77
1303	583	60
814	202	69
850	434	41
1280	985	63
991	1042	21
105	415	44
1090	254	48
1020	522	73
812	146	11
42	15	38
609	926	34
426	1337	40
1170	670	43
189	204	80
434	1472	52
1201	643	18
1193	140	21
530	714	49
508	960	56
705	1359	82
458	100	82
1184	353	31
1073	623	57
130	730	52
708	1160	9
601	995	19
1679	1299	50
525	1028	62
167	963	7
84	996	7
838	888	46
1117	797	63
1462	1432	69
102	1202	59
1249	1052	24
1200	32	44
919	422	12
1495	1241	58
33	1051	91
443	351	59
339	782	13
433	885	84
1150	1511	83
1096	662	44
454	873	76
981	741	94
255	298	27
412	1054	75
1043	894	73
1014	127	43
249	624	52
1013	427	15
1587	908	42
1715	1429	59
847	956	25
557	727	6
512	332	31
723	788	47
1029	892	24
967	448	83
286	865	29
793	1514	88
1439	1278	64
969	1109	34
1142	391	47
517	992	58
231	335	21
664	740	56
41	883	79
663	1138	31
103	609	71
855	254	44
1289	492	22
76	595	92
559	725	76
1109	184	25
590	1103	29
374	247	75
45	113	93
348	227	94
505	29	83
738	598	87
661	844	92
796	519	83
991	587	94
14	91	69
874	353	90
674	1115	64
14	1298	8
1014	670	28
1264	1484	18
549	880	63
644	391	30
1013	139	37
1573	1182	47
893	628	20
188	520	11
1032	131	38
1305	610	85
868	821	48
744	465	92
624	1536	51
739	396	42
1454	1123	17
1247	1342	65
78	611	38
111	804	94
1111	312	24
598	1425	44
1382	369	63
930	1533	56
95	201	94
1063	825	75
951	534	90
1250	1311	93
1244	1024	15
1435	1003	30
1308	1064	22
1184	916	19
1503	1268	68
591	964	77
1171	474	87
132	217	28
1568	1010	69
509	271	36
368	923	48
659	743	9
585	650	78
1080	813	32
9	294	28
1109	864	66
966	341	59
330	1421	50
10	101	89
563	1272	27
415	211	38
856	289	82
1017	545	60
1313	216	39
1233	1385	13
97	1413	57
947	665	72
1196	38	65
401	1085	16
1220	842	51
257	488	82
885	22	23
530	564	14
623	180	74
951	726	59
98	54	37
1142	492	49
99	1268	84
701	933	10
724	1452	15
296	1383	71
1200	479	27
1282	476	23
255	353	71
887	372	93
584	71	86
1123	1130	80
1095	1271	92
126	587	54
386	369	70
881	417	24
563	1299	9
725	880	80
909	399	64
1324	719	65
917	325	88
1419	1326	44
249	40	75
1614	1042	68
98	1443	81
539	1173	84
549	1413	89
838	276	43
1592	1516	72
1222	1350	28
1387	522	84
1123	709	29
1147	855	77
1192	814	77
376	1169	9
1115	909	67
938	83	55
354	1371	85
619	662	67
1000	280	69
64	91	35
58	1286	20
544	1381	33
880	1463	81
1412	790	83
1015	781	80
1146	1073	33
1399	954	60
1093	223	90
453	790	8
182	60	12
114	103	65
115	581	65
1362	1085	89
311	288	32
657	157	58
354	292	63
589	962	87
380	619	83
679	8	94
365	794	84
630	197	83
1223	1080	87
1205	161	16
811	775	72
885	493	67
82	127	38
1229	1155	55
1353	1489	63
570	1045	12
530	757	33
1295	177	50
1274	1417	83
215	1382	14
426	319	33
303	1307	62
735	81	16
1230	569	61
827	313	71
742	955	50
502	582	72
993	691	39
426	1135	30
1057	766	21
1108	1297	35
1509	664	79
465	166	77
874	1407	87
1369	695	38
425	420	84
1464	1325	22
269	116	6
1266	340	54
1006	1366	21
702	660	31
614	425	59
865	98	72
1524	1247	49
1063	507	50
1088	929	44
1156	1194	25
1305	1442	42
1343	958	57
345	1059	88
1276	1030	52
526	664	21
333	777	39
506	999	91
457	1040	9
1137	1108	64
631	899	53
1263	1112	53
1076	1373	71
983	1012	68
917	446	38
860	1462	32
712	977	28
712	646	16
900	305	32
447	936	18
981	483	9
1490	669	47
1217	1106	58
745	431	10
662	738	51
274	963	10
8	802	46
331	1216	12
556	684	27
337	1024	59
457	1368	14
584	1479	23
186	263	59
822	1520	13
1380	543	19
969	751	10
849	556	19
1291	1026	31
87	412	11
1436	1451	30
252	447	40
780	449	90
217	1416	64
65	5	56
903	1052	57
620	821	85
1072	1024	82
602	973	83
618	558	78
761	516	71
344	916	71
372	18	77
1247	150	72
662	239	53
185	369	10
534	1375	82
810	1341	21
893	767	60
363	1033	29
14	68	80
760	809	68
42	1017	60
550	1	54
19	142	21
1023	112	15
1059	845	61
462	651	31
117	1123	89
1319	932	41
146	1182	35
1552	1255	58
614	365	34
1476	1247	72
613	33	32
1245	1469	38
926	664	83
1391	749	72
488	103	30
4	521	79
1032	1532	86
1267	1496	83
442	1046	11
981	495	46
614	799	43
19	441	72
365	639	68
1541	1486	33
1358	320	83
1393	1144	71
189	46	58
956	319	44
830	1395	31
732	538	28
129	1082	77
483	1345	37
261	1170	13
388	1303	43
526	602	57
1194	28	63
1208	446	54
1224	511	26
930	1028	75
919	385	72
689	548	14
841	69	56
1465	1490	51
1301	1523	53
162	1195	91
181	1457	80
994	1123	64
1437	879	60
686	86	59
730	174	44
635	424	9
418	418	43
965	169	58
407	347	35
1064	1438	66
1115	1351	76
777	1050	90
166	1529	22
811	1294	94
870	1103	54
777	20	65
682	1223	80
851	1440	60
1509	941	51
1255	828	11
801	874	54
61	233	35
968	448	93
414	1509	47
564	214	64
274	773	51
950	509	25
1160	1185	30
1194	8	35
617	578	43
1348	752	34
194	568	69
463	404	13
1152	1239	57
1054	1464	79
1081	760	61
242	21	60
1080	1123	31
191	765	16
1159	373	58
489	184	85
1170	214	38
1330	983	76
1088	1344	17
706	307	58
222	1099	32
1087	601	61
839	1075	13
1391	1011	41
1226	376	57
1559	1021	93
1774	1525	52
620	28	60
330	524	34
732	897	59
764	771	20
1112	879	85
23	727	9
608	392	37
1393	1515	73
686	34	58
960	487	52
304	1281	83
1128	677	27
1381	478	62
1183	1048	50
820	1438	48
406	67	77
915	370	90
1110	729	89
254	235	94
512	1056	83
600	876	58
85	1238	93
511	1346	85
1409	407	21
1160	752	34
1124	456	35
1715	1315	41
486	1213	18
1683	1317	71
1012	860	80
227	1356	23
767	1111	90
808	375	35
1391	423	53
802	228	79
482	419	39
534	453	21
802	1388	8
937	1427	31
1119	823	34
423	1456	32
780	15	22
1137	241	67
1020	1204	20
85	254	42
1110	707	64
575	1530	74
1366	1506	83
907	384	28
1253	1477	12
764	546	35
119	117	58
1310	427	31
338	138	73
293	300	69
1273	958	46
1356	968	70
207	363	54
71	963	43
1131	1269	66
953	91	38
1285	823	50
1453	730	93
970	522	11
824	1460	50
785	277	78
142	306	25
1308	1487	94
1032	546	59
1410	1258	77
108	224	50
1169	634	26
784	1087	79
584	905	66
559	1191	82
765	239	65
992	33	74
671	365	44
1445	1391	23
417	3	28
1103	1159	76
880	5	17
643	482	7
773	1304	44
660	209	62
514	1096	8
868	506	43
1179	1073	62
1129	293	53
585	468	92
722	1257	23
1407	571	76
1273	1514	80
664	832	7
184	1381	15
176	111	93
621	1096	38
4	467	87
817	255	85
76	920	93
388	127	23
1232	1103	37
720	717	78
594	1008	37
545	901	77
752	67	89
344	851	56
81	255	60
246	1014	45
885	280	33
1518	827	20
1149	386	73
793	1531	92
885	1242	34
1181	372	62
1692	1405	84
739	558	16
237	342	61
1145	459	90
770	1399	37
129	687	51
317	439	36
1061	1477	29
703	122	80
248	154	24
359	1192	89
201	406	29
334	341	27
38	779	69
718	209	36
943	1312	48
1143	423	20
1256	541	86
734	172	35
81	76	7
826	65	60
383	283	44
173	107	92
745	1036	15
609	272	62
1307	835	51
791	1348	88
616	471	61
407	702	81
861	131	62
713	903	23
800	81	11
612	782	68
1101	150	18
1203	615	22
1247	398	45
183	345	75
523	1023	26
527	1275	61
1163	826	86
800	470	18
449	775	17
421	1180	82
559	1272	35
1183	295	48
1047	965	73
1203	687	48
839	4	52
740	965	77
187	985	23
236	1117	54
662	1159	86
420	779	34
1244	1225	86
984	444	64
76	1187	43
1020	709	26
886	1507	42
727	846	42
1332	299	72
619	409	91
421	258	11
89	217	63
376	443	94
837	513	63
663	590	24
1569	1243	18
1442	876	68
409	1009	82
331	1349	87
968	566	69
1264	100	28
433	1169	46
621	66	44
590	1407	50
831	28	82
803	301	56
331	634	22
871	482	16
1490	1011	71
585	1166	79
227	521	77
1093	1327	82
539	771	84
124	670	48
957	773	32
956	442	57
1072	4	44
447	709	54
313	875	24
987	925	74
1156	875	23
58	974	91
690	1255	74
143	41	6
29	801	80
1029	43	58
810	1505	94
692	1357	67
157	54	35
697	744	67
1189	1493	58
817	711	64
543	553	79
382	271	78
1145	947	60
400	648	71
445	1108	46
750	310	24
1136	759	69
951	1472	41
989	1481	24
373	19	74
374	991	12
284	281	87
954	269	61
1049	1328	94
694	532	59
643	1144	53
584	1350	80
1115	870	31
699	847	46
777	298	93
1725	1468	90
263	1419	52
147	100	91
205	468	83
831	1367	22
531	732	13
1053	116	82
650	883	49
875	364	22
309	612	9
699	883	43
1200	629	69
1293	192	83
435	343	22
297	511	33
806	1387	64
107	235	23
502	1500	19
898	721	61
303	278	88
1012	332	31
916	1038	66
148	897	39
1038	257	69
4	112	46
279	1057	69
754	1218	35
846	710	33
273	1257	14
891	378	65
1348	544	49
1279	1155	20
932	380	46
153	1106	54
333	377	21
1170	1028	28
344	332	42
1321	314	94
119	901	72
1002	348	36
264	1245	14
1169	214	33
973	18	13
1504	1506	37
732	145	33
588	739	64
1442	576	23
1205	1002	80
1110	769	39
51	852	68
1597	1145	41
317	989	83
1118	1109	32
247	1172	29
935	1250	32
1342	1155	44
272	1476	20
1418	814	56
219	458	76
1119	483	74
612	1071	40
1400	720	33
568	117	13
1066	626	85
325	355	83
1082	516	39
273	386	51
533	1369	82
1629	1468	75
1208	573	30
46	884	31
322	98	35
695	1249	55
9	1026	7
1067	350	31
1595	1324	57
898	480	25
265	190	78
121	1413	11
620	823	28
1075	664	71
1599	1110	87
783	1500	40
328	1331	71
1241	962	25
1413	749	65
49	1472	23
276	1143	58
157	909	67
854	139	71
411	343	9
586	360	45
343	1031	8
389	460	6
336	1374	23
631	179	19
795	67	46
217	578	93
39	989	68
1446	1011	14
1267	1524	44
433	1406	16
159	828	32
198	1244	14
856	438	9
846	1420	10
102	251	45
1299	268	13
734	445	46
1077	867	41
884	1455	22
1151	1047	25
1206	1086	52
620	1139	24
198	775	11
311	980	66
911	133	73
1320	1111	80
498	916	45
852	350	38
738	763	65
294	1325	76
771	925	49
292	295	74
933	441	42
1060	558	19
1358	1294	15
1489	559	47
184	47	66
959	1228	70
172	1027	68
526	434	65
39	578	67
675	881	47
1030	374	73
899	53	20
1662	1279	44
382	437	12
566	887	81
255	143	57
466	798	59
726	4	20
700	852	48
928	671	40
1663	1302	48
286	1411	91
1506	1520	88
307	1346	42
588	837	20
321	115	52
963	1231	94
1238	1515	61
1412	1506	43
889	739	90
868	384	92
643	83	55
1239	803	89
734	482	69
238	874	30
67	945	47
95	1407	37
623	1021	25
721	477	10
1640	1108	94
140	996	72
595	44	90
1246	1176	72
1560	1499	34
817	1390	45
799	1199	47
1431	1081	50
838	482	93
637	1072	45
719	363	84
657	1110	80
1218	1063	93
505	1487	57
1213	363	27
1216	951	67
997	910	54
727	629	88
273	1347	55
343	1	88
415	781	72
280	895	11
873	1023	51
912	454	73
1041	637	80
1332	600	51
1158	328	57
669	1480	8
150	238	15
1540	1100	39
305	973	56
846	402	41
747	64	83
314	232	77
1501	1221	33
1070	694	69
1377	547	26
273	1231	13
81	1401	16
1070	1445	26
922	1333	62
1134	150	17
1049	730	74
402	948	72
1444	589	81
1152	1233	55
670	1248	74
57	689	54
572	1178	83
452	1392	64
825	415	33
1233	1518	12
1369	1275	44
243	720	57
1212	1450	16
442	1359	42
956	348	23
1516	709	90
1117	809	27
1279	586	57
343	1234	7
773	1523	12
1660	1170	71
1074	54	31
1229	1293	50
297	1072	45
908	417	57
863	1199	77
1338	1060	36
992	61	78
676	1002	34
407	230	61
1503	964	53
258	149	11
1098	356	90
555	1412	30
45	21	8
1624	1146	28
738	62	80
1420	1406	74
1249	1142	15
760	985	94
601	959	62
1102	250	57
383	778	75
1425	1460	65
1056	764	19
871	97	94
348	478	26
1187	88	53
1240	1109	69
559	192	83
1116	944	24
211	1276	11
1486	591	74
1240	656	34
958	766	28
1361	1498	14
621	1368	57
640	1072	44
187	919	68
1339	1498	28
1337	1481	73
972	54	78
211	907	48
1655	1343	34
213	423	60
243	1505	94
1294	684	61
691	1429	81
1111	773	30
261	1297	27
81	201	93
839	589	91
802	333	49
885	1070	78
1316	254	82
1071	959	10
395	354	72
1376	857	52
92	792	94
1569	1378	73
854	1367	26
272	1235	15
684	591	37
567	1130	27
76	1361	53
606	735	66
1561	1017	60
1057	773	24
296	223	59
892	612	32
245	94	48
1486	735	73
301	194	48
892	1421	25
125	1130	8
210	1086	67
506	1047	53
1045	1119	29
1026	1103	76
1403	1376	55
501	890	78
211	993	57
505	807	17
1695	1421	28
190	1155	55
569	417	61
1560	1350	64
1264	1008	70
472	486	47
1198	308	46
779	1295	24
663	761	59
1524	884	85
149	1123	79
471	899	35
720	39	34
891	1226	20
379	614	14
288	96	79
1122	581	60
420	803	91
1158	538	27
458	475	94
1093	1523	27
1142	1364	38
674	1269	45
364	690	63
1318	1276	84
79	20	45
1303	1429	61
239	1261	14
1113	246	91
477	1225	18
406	3	67
892	214	42
737	1090	19
471	551	12
517	1015	80
545	1442	83
1021	1215	12
1504	659	41
345	1318	43
1032	952	20
1209	707	73
1088	459	19
1285	1207	44
1601	1312	51
663	206	82
872	490	58
306	1284	73
993	65	70
1169	678	59
969	969	26
374	444	62
1419	1407	44
888	797	27
694	54	68
289	1431	78
1260	1496	52
555	529	20
1715	1453	78
1380	799	49
1050	1219	23
1085	126	85
1271	284	58
1449	1174	64
187	1	69
1337	209	30
638	445	24
1233	1148	86
536	623	58
1208	999	76
124	1450	37
1338	865	61
127	1306	14
632	56	61
1565	807	46
1508	1366	41
891	242	55
1517	1406	66
255	667	36
315	262	71
152	1343	74
1540	724	42
238	879	35
840	339	90
437	855	8
784	676	52
303	845	88
1210	1055	67
721	851	19
794	725	65
678	943	30
795	788	75
186	92	11
1147	269	32
929	255	19
262	425	16
1626	994	33
305	314	37
608	966	24
45	258	87
1223	933	36
528	1056	7
137	1416	90
1453	1223	19
511	441	78
122	688	67
830	832	70
1038	1459	55
122	379	68
1510	1316	87
597	883	14
966	380	16
639	1161	90
302	871	9
1329	805	86
1315	1109	69
1530	942	73
1075	157	54
703	1334	63
1500	1118	27
1460	554	92
1094	1369	39
1455	1265	14
1190	1344	44
495	852	78
325	46	29
1057	1500	32
1258	1251	13
3	1429	36
1327	1505	63
241	471	33
49	1031	85
730	805	52
290	62	28
210	102	22
466	1098	49
58	695	65
765	595	63
1210	541	19
1287	984	76
866	1147	18
1266	1308	29
691	666	25
235	338	78
85	1217	11
779	191	51
1350	531	17
525	1339	61
517	776	48
808	995	39
10	174	34
74	363	14
1414	887	85
279	1060	72
834	374	12
402	587	89
1427	1127	27
1153	1353	20
1485	1136	46
836	1487	86
593	684	36
1010	110	31
900	987	94
445	1009	94
1045	1387	15
282	365	9
1241	79	28
997	712	16
896	1352	41
878	699	15
213	896	35
1354	1356	50
569	1453	30
412	729	92
61	1409	11
786	997	55
386	1023	26
881	582	33
1159	1148	57
535	1328	32
1022	505	14
740	170	31
278	315	25
124	71	83
653	695	89
840	300	15
1094	122	29
1434	670	73
661	590	23
1529	1316	23
1384	1459	60
632	409	23
815	1451	64
609	4	94
949	235	31
581	940	14
194	796	40
1148	692	27
1440	1428	39
702	828	26
1457	1013	68
502	755	91
1078	48	39
1021	509	19
1024	522	32
8	710	65
1154	690	35
562	1317	8
1592	1234	93
450	557	50
312	672	15
1094	963	32
844	832	63
1089	258	42
565	1053	59
1023	353	15
1483	1104	85
830	311	33
1447	828	25
835	404	12
1087	1464	66
488	1198	60
435	682	87
325	1048	22
1247	698	91
341	1501	38
761	1126	52
208	1423	94
1575	1030	91
662	1118	52
768	917	37
493	711	9
661	311	13
755	260	34
1288	126	25
427	624	86
1203	252	59
657	1148	72
785	1180	64
380	103	81
972	494	8
747	1494	44
904	234	66
675	1034	6
1304	801	65
1173	897	69
1217	1140	48
671	939	62
207	394	90
1432	1480	52
1226	111	92
919	941	94
888	563	18
1431	393	30
633	1433	54
1028	1479	76
1063	238	94
528	1124	77
1353	488	86
1117	882	52
1173	719	35
91	203	86
1355	598	54
216	442	59
749	617	53
399	117	70
84	1091	50
978	825	53
980	193	76
1179	1130	53
353	934	76
1610	999	79
1084	544	15
668	127	66
977	1270	50
718	1067	7
141	1517	85
258	579	83
1076	231	27
91	646	72
869	788	76
1312	1494	63
998	123	83
1433	1413	84
987	1496	39
645	804	62
1333	599	91
1181	760	43
562	1198	58
887	58	90
552	1472	64
1360	918	73
909	824	27
1096	1171	94
1128	180	20
177	1449	38
903	587	70
1062	688	58
1436	609	61
872	1321	51
304	971	49
545	988	61
1371	766	78
445	1014	27
1057	808	86
929	1507	51
130	662	10
986	921	34
228	826	6
611	687	78
730	1314	32
89	636	39
1015	20	13
806	276	86
1206	1398	38
838	872	43
345	1404	17
471	1179	7
256	133	59
328	821	57
573	348	14
359	194	90
1058	937	28
513	726	85
1033	832	21
997	1421	44
73	56	28
506	1316	50
1313	246	79
417	833	66
1435	1262	67
689	529	7
941	937	23
99	99	78
38	1470	17
1204	1140	49
453	732	38
1437	1023	17
918	631	42
896	112	93
756	1251	59
1164	758	81
893	757	94
1022	598	30
670	1364	76
914	443	63
556	1158	89
878	405	38
1311	581	78
370	457	12
422	404	47
1265	1204	15
1234	387	29
292	1331	7
1125	239	86
1302	1218	36
34	499	43
397	581	58
1276	142	34
354	1273	45
853	1076	47
462	963	18
1050	1234	41
69	1114	24
520	369	56
1550	959	34
1105	142	85
791	856	54
212	639	48
108	540	77
234	1270	67
328	519	94
1031	880	40
959	518	66
1281	985	69
771	222	80
1286	1156	83
1009	1535	93
1690	1326	43
910	125	29
625	1070	68
384	1252	83
1259	358	39
635	1215	10
1187	1215	16
1103	575	28
604	409	88
912	503	16
565	516	50
694	1060	53
198	952	25
680	962	8
156	724	73
703	62	45
582	820	87
1170	984	44
427	1535	91
21	1438	23
1095	143	71
992	33	79
1117	835	48
1032	196	38
1621	1490	75
430	1132	8
1709	1445	59
1172	1211	74
679	745	64
1134	1250	45
861	934	93
1390	749	77
725	311	78
416	117	24
1051	1222	69
1426	1022	16
29	651	7
878	1202	21
1222	956	43
1240	274	59
916	256	65
910	500	36
422	719	82
860	342	83
272	1387	51
325	1042	15
1232	671	65
261	1030	48
1021	1034	31
1191	140	34
862	916	73
113	1207	91
1187	1036	50
1116	1012	89
1108	632	60
747	1483	61
5	1472	33
985	442	59
77	805	93
1126	1143	12
1191	1260	22
959	566	48
1323	980	71
1171	399	54
401	274	23
347	640	90
1308	1461	27
779	968	39
1370	741	20
1191	22	64
79	377	27
1021	969	34
62	1405	82
1026	766	55
175	1148	74
470	154	23
1255	1104	79
251	525	75
707	1279	41
65	1172	93
25	1217	51
723	1324	26
359	550	52
1166	532	57
236	282	79
806	262	62
150	705	90
554	310	20
669	699	54
490	543	12
531	790	92
1227	1003	81
83	1076	88
1436	908	63
977	483	54
1051	1328	28
1326	1181	22
975	651	30
441	715	32
1289	1300	74
731	1392	31
857	653	51
497	1297	52
44	1307	11
38	1054	47
938	1045	91
251	431	8
718	577	13
400	604	71
1432	1536	82
1419	1044	29
1043	1061	76
431	616	21
1046	508	51
918	25	56
522	189	94
1096	1189	62
60	144	93
450	943	9
1345	1437	37
912	279	82
738	937	16
674	343	61
279	321	11
1223	62	59
698	671	38
1026	906	71
397	771	31
1132	752	43
1209	567	31
829	1187	8
1146	826	43
386	921	59
700	167	93
70	83	52
1408	426	88
1123	716	16
1112	1112	51
744	481	78
118	1382	40
433	507	13
292	323	27
531	579	92
1438	1046	21
547	1301	63
736	448	70
687	872	44
1070	135	69
1259	1007	47
450	220	78
1252	447	46
1035	720	14
1550	1170	29
1366	779	47
154	1150	12
658	1075	63
1550	1522	94
770	218	79
1046	384	50
484	921	44
828	1328	11
827	656	43
1402	1419	75
877	224	25
1345	382	24
481	981	18
1340	1434	36
673	1384	9
815	303	34
664	439	78
1004	576	31
798	288	79
1191	1527	25
711	445	84
1033	261	81
398	843	81
739	54	77
56	378	43
828	348	11
1233	821	85
863	285	44
1291	547	56
1189	858	12
1348	678	76
169	415	85
501	620	71
391	996	91
541	57	26
487	1172	29
1394	388	39
281	1462	39
1122	347	21
302	331	90
770	1042	18
1271	1514	16
1115	396	41
192	1184	58
27	148	8
450	701	44
1306	1337	44
818	1486	13
1340	676	23
715	1380	55
1054	916	85
222	1290	44
1181	1020	43
576	159	77
1002	728	30
262	1045	78
985	1330	38
1337	1170	31
924	154	47
1169	888	15
1006	991	66
556	498	14
1485	604	55
573	358	94
471	439	92
991	397	77
806	1473	22
768	1414	8
1212	1487	19
1304	611	51
547	533	61
1329	609	89
851	1233	48
58	566	58
1000	277	79
998	1001	13
822	952	76
1232	880	87
917	502	29
853	1509	94
980	453	27
446	933	25
824	1117	33
221	538	64
1287	1141	77
908	380	33
701	542	90
591	545	16
925	448	91
802	1196	40
649	205	78
335	212	70
1233	105	71
720	1144	81
680	380	13
911	974	20
276	999	50
774	1119	68
1026	968	17
388	243	27
1110	743	16
1051	315	77
1198	39	26
337	483	14
227	1094	6
842	1246	45
1029	1509	60
1470	1342	26
222	1241	57
788	1404	18
534	528	80
1050	492	24
812	1347	37
508	154	88
495	124	85
1134	932	89
652	721	81
1360	681	64
1054	1402	86
342	507	81
1175	1139	93
741	878	41
1129	665	43
992	915	12
1574	848	52
1126	940	77
1066	622	29
257	282	6
1021	655	43
1006	908	64
644	652	55
704	984	58
779	1100	60
77	602	88
529	905	14
712	1383	62
496	859	76
124	616	23
298	4	56
564	208	88
418	1243	31
1133	915	44
1602	1431	24
485	1361	40
269	243	53
780	1089	35
1055	834	50
1048	1419	37
1108	201	19
972	100	14
991	223	23
742	615	23
681	1418	68
1241	414	83
482	997	71
523	1460	45
394	235	47
1459	1374	17
1157	55	55
786	543	45
884	102	22
652	478	71
636	828	31
374	754	80
740	21	42
534	592	41
463	592	76
568	458	65
662	1421	63
944	150	21
75	405	29
1227	961	87
1246	573	17
221	1534	87
1412	741	23
1201	1469	87
855	1489	14
557	525	90
1166	1301	32
1227	120	86
1658	1140	55
907	562	68
1075	1408	86
109	19	84
226	1129	35
711	86	92
192	90	44
1174	415	82
1231	1014	53
1160	54	53
63	1191	74
1058	438	81
760	733	15
709	1496	88
1513	1076	86
1498	1000	20
358	708	15
1021	1449	91
555	946	10
382	1320	7
923	392	23
798	892	36
1065	769	38
1191	937	9
501	1487	29
5	130	82
1653	1444	93
584	1065	74
829	1345	9
1108	830	65
399	384	53
231	90	35
1051	911	44
820	368	24
1111	398	35
1435	1206	60
395	219	94
129	607	69
271	26	69
797	1433	19
915	296	85
203	15	61
1070	386	28
25	27	28
1092	1383	88
788	664	88
1027	275	91
1058	524	33
840	261	35
1007	312	21
223	96	89
625	760	24
326	448	33
371	1088	62
9	1000	6
1246	1512	11
1307	1309	62
812	498	83
796	616	84
1332	1234	68
630	1508	74
473	1491	84
728	1426	42
1236	934	24
257	1257	64
263	560	90
441	282	83
1157	1072	22
767	590	26
1129	778	92
858	494	61
913	1357	86
164	742	72
356	9	59
583	1084	48
442	1333	83
882	1394	56
495	415	43
416	113	18
665	243	39
1070	1044	24
1038	38	85
549	766	9
304	594	20
37	24	89
1589	1133	79
1459	1135	85
1222	546	47
1320	1019	47
675	443	34
783	950	92
1350	1384	43
343	503	86
969	640	17
579	794	32
1249	1468	62
1253	992	81
1215	1075	41
1219	850	62
108	1147	7
1303	1529	56
1460	725	22
286	163	70
392	1421	78
1525	1276	70
1286	994	31
1239	1061	90
1138	340	36
859	496	73
773	1052	49
1005	909	75
707	141	15
1120	400	80
829	1363	26
675	951	63
1406	701	88
636	1271	13
961	342	14
1217	830	72
807	1111	82
1268	705	26
1445	857	73
377	160	14
400	703	27
897	1240	44
1325	1506	75
405	221	47
469	885	87
839	1187	90
1307	199	45
456	216	44
817	616	58
1129	184	42
763	1280	54
1070	362	68
831	367	66
1013	1353	23
1050	750	14
654	740	87
303	463	61
233	477	65
1377	1484	20
1004	820	90
298	1512	45
745	825	29
219	153	81
1236	252	64
1468	1028	74
761	1512	68
722	1475	57
1018	1320	58
1206	276	57
463	267	71
1107	1066	80
1043	625	26
744	981	51
443	1124	26
1196	42	69
271	1114	85
1204	995	12
712	1233	69
215	1424	38
1142	722	13
7	710	27
700	603	82
1108	1532	21
566	542	21
1103	685	84
814	274	88
1179	871	56
979	1329	93
647	241	55
738	170	88
1088	286	88
974	1114	65
983	98	49
1360	637	66
1364	1022	28
1293	833	19
1340	1299	51
915	1533	8
900	282	37
334	618	15
587	225	70
956	763	65
1097	268	64
1533	1298	83
55	1344	22
1524	1308	90
983	1398	27
1183	885	43
615	800	7
1219	295	67
324	733	28
372	139	6
189	1115	28
1035	1200	25
263	380	85
697	1230	53
525	220	45
1045	907	91
766	1399	80
702	231	36
826	365	74
802	8	89
888	195	54
1354	312	75
1238	1252	50
71	173	58
883	287	10
533	1344	31
1099	1028	17
311	960	21
779	247	40
503	644	81
335	1353	53
860	592	32
849	453	49
1241	512	31
114	640	52
1195	1050	55
141	347	38
532	1287	27
1479	1008	35
1263	412	88
1071	773	60
1293	1006	19
1251	352	36
523	817	38
910	267	54
626	1244	20
733	1158	23
1139	622	92
229	515	6
510	1398	31
452	337	13
700	620	63
523	1110	29
861	259	59
1579	1366	37
553	312	26
1436	1144	26
500	1302	47
42	473	65
1011	612	58
1354	1030	52
207	1286	60
1008	1231	72
279	92	51
1018	237	36
841	376	92
1218	685	15
311	932	14
1470	1531	27
1200	1413	37
743	1190	80
1207	1107	47
840	353	74
993	799	43
876	1019	77
425	467	7
684	1445	14
749	1152	30
863	1380	78
813	946	56
790	723	72
476	727	94
1266	1268	76
1381	1263	25
952	387	51
1003	262	73
907	1126	33
1472	1007	63
1243	114	69
880	922	91
807	1117	94
762	1019	92
531	49	60
590	1187	68
1442	949	41
116	953	87
329	547	7
1028	1094	44
500	71	76
1044	1063	78
1106	756	38
998	985	66
186	15	71
1542	1154	17
771	343	26
1120	1112	39
950	1116	54
704	1257	93
1184	1534	47
106	221	46
1362	575	39
1121	1213	24
440	1218	86
453	663	15
1024	775	33
1140	1532	40
1043	1280	17
488	994	87
1099	127	64
114	458	86
307	1129	62
861	1495	77
889	1382	62
403	1018	50
925	3	73
1493	1275	36
698	1289	8
1126	254	57
1013	1256	55
394	440	68
695	994	28
501	362	10
83	809	38
438	667	69
939	704	77
217	355	69
1384	375	83
1278	934	30
599	303	11
1600	1483	70
746	877	76
125	228	63
71	1043	89
432	1339	28
767	197	26
582	1291	47
554	230	71
1085	984	86
1512	1238	70
1026	1221	24
1287	915	21
1224	1081	10
1467	808	49
540	165	75
1535	1286	38
872	1531	40
879	977	39
796	362	94
420	1370	68
1206	1402	25
820	1442	58
1691	137	21
252	427	16
1559	1188	89
523	1490	83
739	65	43
942	565	94
367	484	51
114	1018	70
285	809	7
1044	381	87
1248	1143	20
883	882	72
139	1294	77
636	553	9
732	676	81
790	1080	16
1263	447	84
499	1207	69
886	1489	36
1454	976	80
1201	1016	49
1495	590	59
939	534	45
1506	1101	22
806	563	23
1308	985	69
919	451	23
585	584	73
309	477	60
314	315	88
856	892	37
640	511	88
616	963	59
1002	641	31
881	912	76
439	345	29
1034	823	70
783	450	65
1512	1202	23
910	268	65
368	402	11
1467	554	80
776	222	13
421	511	57
208	1183	75
887	83	71
803	1395	88
1730	1503	92
755	159	61
258	1075	79
1402	715	53
1082	1061	40
257	573	75
962	62	60
726	293	59
781	590	23
1282	855	63
457	436	12
1714	1410	86
1124	37	66
493	1394	93
1248	184	79
42	611	75
827	126	40
936	607	56
1352	943	47
33	1343	83
976	1323	80
384	787	78
1464	489	29
315	969	31
973	903	29
1604	1057	68
170	1487	54
1682	1217	33
495	252	31
685	1507	43
1338	1489	77
754	1410	43
584	822	17
1107	797	42
887	775	41
1128	183	28
928	521	71
853	1391	8
1084	890	15
1676	1327	54
1119	487	41
687	273	53
22	268	92
418	383	39
925	866	60
661	749	52
353	857	40
216	754	8
1304	1079	36
1300	1010	88
510	104	56
1272	603	54
1015	358	89
1725	1425	31
394	1034	94
243	115	18
1426	845	84
89	734	54
314	940	20
223	214	18
631	124	45
1194	231	49
1068	1533	57
846	1389	44
1049	914	54
379	440	34
783	39	60
1559	906	63
114	438	66
863	1432	45
763	147	52
1104	225	94
1044	964	71
7	1362	67
981	988	72
707	1408	78
1270	1434	24
325	162	64
673	1308	9
1268	1273	60
568	1287	40
708	217	57
464	148	9
620	1038	61
743	695	82
327	552	62
464	988	40
640	1489	33
96	12	91
609	803	65
478	140	88
534	411	45
1599	1113	87
703	1513	23
861	1430	19
1127	742	51
121	1441	21
64	1053	9
839	69	10
192	480	66
810	1518	67
493	983	54
1551	1334	66
1105	995	46
355	1461	70
824	523	94
358	1456	7
1540	899	79
1073	857	39
847	1056	79
475	204	82
1370	751	70
1278	188	77
172	55	37
824	233	46
1076	1460	62
1474	525	44
1027	79	43
515	1278	36
330	632	44
1351	915	26
455	95	16
931	202	66
466	146	7
230	831	8
112	731	84
403	1387	51
560	222	28
1064	133	28
298	1386	80
938	972	33
474	492	82
1255	619	28
714	872	41
1249	1153	74
937	1289	37
949	63	14
1560	1351	70
881	1031	14
36	1058	90
1005	389	72
943	481	58
842	164	62
143	1420	55
917	278	17
889	1165	9
1004	1228	49
916	1522	93
185	197	67
1457	945	45
94	1355	10
1174	926	35
295	483	34
46	1029	84
1217	1473	86
429	733	24
901	975	41
256	1194	17
1008	238	15
651	732	14
1229	165	59
472	362	43
1498	680	37
1219	370	93
163	69	6
311	354	12
490	1179	37
544	28	16
897	692	80
737	593	82
1533	712	60
892	773	70
457	771	82
327	512	86
1164	150	22
32	824	9
1164	537	33
1388	710	76
725	686	17
945	206	17
437	1204	15
770	269	13
580	1017	68
1612	1019	45
327	603	88
1504	1466	57
271	72	79
593	924	47
359	1315	48
806	1173	31
998	1430	13
112	552	89
680	884	66
1328	880	76
569	1131	14
1073	837	87
1446	563	50
1145	735	61
1141	302	24
864	428	17
1521	668	63
313	868	29
237	238	37
568	599	40
1133	1175	75
1313	1365	83
293	1398	12
670	1189	76
1127	37	26
1585	1475	51
572	1178	42
1526	1076	64
376	862	35
381	518	81
244	1275	89
1243	994	13
1384	904	42
1010	370	67
531	1170	44
741	820	71
321	1031	87
842	1534	52
1007	1155	38
1352	663	52
573	1399	39
685	112	30
876	396	94
1100	977	73
408	619	54
112	1113	52
984	1080	54
1656	1219	90
1114	1397	93
1244	946	93
1006	48	69
1194	1499	50
1510	1419	86
610	1018	11
659	1019	54
841	264	81
657	1068	93
586	184	69
673	1512	21
1103	899	12
477	268	71
391	735	24
365	1379	48
431	1184	70
933	343	31
1209	341	15
1174	785	89
988	1209	36
1256	1181	63
1272	1132	20
422	1178	80
692	1268	85
21	496	87
907	867	86
703	1061	30
894	725	73
849	1529	34
344	173	31
1285	135	25
13	857	32
1254	755	78
727	1361	8
331	17	77
260	359	60
570	8	52
545	119	85
851	1003	86
864	533	84
11	180	60
1284	472	21
722	76	80
1365	1486	66
1137	407	31
19	954	6
1030	974	92
648	1135	28
1462	1361	94
1071	1091	94
1100	1425	48
217	241	60
1259	1287	30
642	78	44
811	1309	53
762	218	63
373	753	74
130	1254	65
1172	785	84
268	1486	92
1250	492	73
1447	1222	49
381	596	42
1407	1135	21
316	1003	58
1130	1523	29
300	1212	61
308	331	51
1040	550	23
674	1110	8
721	615	49
62	574	65
418	720	31
802	504	57
710	1413	7
44	1427	10
261	193	88
1031	428	90
1107	774	45
554	457	39
943	864	34
214	1138	47
448	416	19
591	934	39
673	1264	77
1493	993	44
1065	840	27
1225	422	53
412	392	16
1455	1315	52
616	1296	79
1262	1088	71
821	84	45
722	1131	57
1326	509	58
717	567	93
111	873	46
1062	156	76
700	1396	91
454	645	8
1071	703	11
1664	1237	79
715	79	49
1316	844	70
1218	1153	64
784	996	10
200	1207	59
868	365	54
431	466	60
323	1088	62
1107	747	89
48	950	20
1151	958	35
1189	827	13
1541	1235	93
518	1448	18
497	632	86
1066	262	37
462	1534	41
704	176	16
1103	1223	84
836	1461	16
364	203	18
494	93	91
925	348	67
1445	1067	45
1373	1084	31
173	1301	10
1029	474	75
1167	288	51
649	62	22
989	1501	32
383	1423	69
327	432	85
135	1112	45
611	328	72
815	615	76
1167	949	92
41	1257	29
1120	659	87
1174	1478	12
627	405	83
1130	319	46
1451	1269	65
1367	1226	24
823	1447	8
1124	1491	59
596	155	60
508	1252	67
763	173	68
1238	1534	31
1055	625	38
990	1090	70
603	1406	47
424	357	68
767	323	33
632	913	43
1207	1250	44
1368	372	80
774	1475	21
781	701	78
1679	1373	92
1517	1248	68
1434	447	53
534	636	34
1300	436	67
667	470	10
842	262	73
1275	653	46
325	350	47
813	213	48
114	391	6
136	374	10
301	811	65
347	809	13
686	680	66
1071	783	11
1188	934	53
1345	1375	57
890	381	59
21	714	82
1599	1489	60
1220	778	42
898	794	49
1402	1022	21
912	1090	45
964	1387	9
457	122	50
1212	1073	42
1170	1248	85
785	531	12
1360	339	37
174	883	61
606	4	56
499	1340	84
1325	1306	58
427	94	80
291	398	60
1116	605	45
556	1287	60
117	248	45
161	890	16
550	457	46
717	476	8
1428	425	25
1011	283	89
608	1408	35
1345	1459	17
1214	957	10
973	1024	60
615	413	18
769	397	88
328	1107	84
449	200	38
573	849	52
1496	1227	87
764	1496	93
33	40	18
1258	746	63
871	877	55
1363	1273	88
684	1299	55
917	568	19
862	495	13
1209	65	89
739	69	53
412	672	45
1192	431	20
217	1302	73
1606	985	71
138	455	88
748	110	7
1132	1125	69
235	102	81
1102	1418	60
1454	800	29
868	504	50
1257	1084	25
978	1297	77
182	1053	16
1399	767	17
1087	1186	32
802	442	67
501	1016	25
978	823	43
1465	1253	33
937	627	57
373	729	81
942	83	57
753	299	52
1592	1443	59
152	234	68
244	325	85
1400	1500	56
4	1042	50
1012	181	14
878	282	63
1442	1182	44
647	610	41
555	467	12
936	951	43
105	1405	9
301	1132	66
914	502	17
1719	1315	37
1216	1334	66
825	1299	53
473	564	89
1118	956	36
1169	731	77
827	1422	68
969	1297	38
631	616	19
991	221	24
489	1175	30
1657	1342	76
490	1240	15
1209	945	92
1045	702	31
611	1286	23
1654	1284	25
962	633	31
1536	1447	62
191	1330	82
479	112	82
1072	941	56
612	872	46
351	618	8
533	522	80
355	1533	32
1503	858	80
41	12	23
309	1019	89
1166	955	27
223	861	92
282	178	20
839	180	23
25	181	10
1192	221	39
1035	353	37
955	652	43
1415	870	49
399	1011	46
1733	1484	70
62	1216	57
28	63	81
196	1240	83
375	845	30
1112	1041	68
358	374	60
871	15	59
1215	1401	79
209	338	15
823	371	35
731	1490	53
1617	992	37
1254	1378	84
709	494	88
1159	1173	36
1004	160	41
825	163	19
437	1035	36
999	1136	92
552	770	56
1193	1487	94
620	224	74
830	245	6
879	643	87
1455	1336	78
207	596	12
790	450	67
333	345	34
1418	816	52
745	1306	90
1381	695	39
528	683	22
746	238	11
976	575	30
81	1498	89
796	428	17
1249	727	7
743	518	13
900	307	51
1470	592	60
953	289	19
632	535	72
1218	953	18
1474	919	48
1009	575	22
831	198	63
1485	1471	18
1005	75	27
213	805	18
1100	832	46
619	19	73
1416	596	81
535	533	86
879	488	36
76	631	13
691	709	90
3	1404	45
1095	1368	32
1195	840	21
1290	857	59
253	1251	82
526	399	35
870	692	94
605	732	51
1281	160	41
1059	1176	86
1451	1165	60
1165	1296	77
1118	678	44
1178	1207	69
1309	1333	70
987	1013	71
1584	979	30
621	1326	12
223	674	63
250	1251	79
599	793	48
723	1078	94
965	416	21
640	1379	18
943	657	42
708	1247	17
878	1502	64
1096	1038	44
957	223	79
681	37	87
378	38	49
1273	855	22
1222	1507	72
1066	767	54
210	795	14
248	681	55
746	1413	8
1528	1391	85
274	133	61
180	4	93
1149	1464	43
976	611	17
1149	918	80
128	723	45
1541	1495	74
553	794	74
89	1366	59
1201	1218	65
276	1258	6
1520	1435	89
646	1190	38
661	704	44
1163	252	72
939	267	20
472	1373	66
1065	825	79
560	528	69
1690	1471	57
410	262	57
849	596	52
897	239	47
910	295	12
685	1018	71
105	249	53
625	430	19
671	131	61
105	1533	60
835	1247	16
796	1328	38
862	923	46
563	974	17
164	110	87
155	1022	16
1034	1061	78
577	130	20
1521	827	51
1240	1171	59
1000	577	55
949	597	33
1034	883	46
1221	1189	43
1012	1103	85
621	1536	53
417	281	74
1111	1040	59
1356	1428	86
1611	999	48
1446	985	61
1198	1292	32
22	1076	10
928	724	22
1217	352	45
1007	1463	16
859	338	73
740	152	23
984	600	65
1231	1213	71
1306	1066	22
282	533	55
1382	1459	53
1070	663	64
1372	1267	83
729	65	33
16	305	47
35	850	44
387	989	32
879	1197	11
280	424	38
156	711	30
890	360	63
1345	1442	50
118	1191	58
515	903	51
693	671	8
1056	985	33
1176	1480	18
1514	919	47
522	352	72
1617	1163	70
928	541	45
502	1084	46
1279	1427	40
877	1379	87
748	889	23
1322	933	35
465	3	52
244	1178	29
228	327	7
1554	1515	57
587	1252	61
1128	981	93
282	906	20
16	1497	91
1226	1112	13
1004	899	41
1153	1290	57
14	1176	53
566	50	82
645	88	87
715	94	57
857	119	49
1239	83	80
96	659	52
626	713	75
888	1278	50
507	1288	86
43	799	92
197	768	68
69	874	76
992	231	38
1335	248	27
1221	605	48
535	141	53
1473	1008	68
471	297	86
1227	677	23
1729	1460	60
543	223	44
197	1422	49
489	1077	49
322	175	54
992	389	27
449	294	66
1478	610	38
1381	1399	88
1220	854	56
991	614	18
777	508	37
199	1018	16
806	1017	38
595	840	76
136	1531	12
1080	1382	38
1223	1141	88
875	385	62
307	192	75
149	140	77
995	804	49
496	1490	21
591	1505	68
637	492	24
215	760	92
64	1070	54
873	243	39
1277	978	77
1192	1329	13
91	226	52
1327	786	31
352	835	49
168	395	26
1195	1335	31
792	1233	84
1303	1427	80
470	543	35
581	468	38
1344	1006	36
881	272	67
348	1383	78
674	1080	89
919	532	22
947	885	23
144	439	60
