5477 -4125
5959 -2808
4720 -5202
5202 -5322
4101 -4604
5821 -3047
3344 -4724
3275 -2928
3895 -3047
6028 -4125
5615 -2688
4858 -3047
6440 -4125
5684 -4005
3964 -4125
3069 -2569
5752 -3167
5752 -3646
3069 -4724
3069 -4484
6234 -5442
4514 -4604
3826 -4125
4376 -4843
4445 -3526
3344 -5202
4445 -2808
4445 -4005
5271 -4245
3619 -3526
5821 -2568
6165 -5082
3275 -3885
3757 -4723
5064 -4125
5615 -2928
4652 -4125
3895 -3526
4170 -4245
6097 -4963
6096 -4484
5546 -3766
4583 -3287
4927 -4843
5684 -2808
5752 -4604
3276 -5083
5546 -4244
5408 -5202
6234 -3287
5477 -5322
3069 -3047
5821 -5202
5546 -3287
5890 -2928
4032 -4245
6303 -2928
5959 -4244
6028 -3167
3895 -4484
4996 -5202
5615 -4843
3344 -2808
3413 -2928
6372 -4484
4583 -4723
5477 -4604
6234 -4484
3138 -3886
5064 -4364
4376 -4604
5615 -3167
3138 -4125
4239 -5083
3619 -3047
6372 -4723
4996 -3766
5684 -4484
3620 -4963
4789 -3885
5684 -3047
5271 -3287
4996 -4245
3757 -2808
6303 -3167
3826 -3167
3826 -4604
4996 -3047
3276 -4364
4307 -3287
5684 -5442
5546 -5202
4032 -2808
6440 -2688
3344 -5442
6303 -3885
5340 -3167
4720 -2808
3482 -4245
3138 -3167
3895 -4245
5752 -4125
4652 -4843
5477 -2688
4652 -5322
6372 -4244
3275 -3407
3207 -5442
5408 -3766
4308 -5202
4514 -4364
6096 -3766
5615 -4604
5409 -5442
5271 -2568
3413 -3407
4996 -4963
5684 -5202
5821 -3766
3757 -4245
5408 -4005
5133 -4245
6165 -3167
6440 -4364
5133 -3047
4239 -4364
4376 -3885
5202 -3167
3620 -4245
4927 -3167
4308 -4484
5684 -4244
6372 -4963
6097 -5442
3207 -3766
5408 -4484
5133 -4005
3207 -3047
5752 -3885
5752 -2928
4239 -3407
4583 -3526
4858 -3766
3895 -4005
4720 -2568
4583 -4963
4170 -5442
4789 -2688
4789 -2928
3826 -4843
6096 -3526
3964 -4843
6372 -2568
5821 -2808
4652 -3646
3826 -3407
4376 -3407
3826 -5083
5752 -3406
6303 -4364
5684 -4723
3069 -4245
5271 -4963
5340 -3646
5408 -2568
4170 -3287
5271 -4484
6165 -3646
6028 -3406
3207 -5202
6165 -4125
4170 -4963
4720 -5442
6096 -2568
4170 -3526
4514 -5322
3344 -3766
6028 -4364
4376 -4364
5271 -5202
4101 -2928
3138 -5083
3757 -3047
4720 -4723
3619 -2808
4308 -3526
5959 -2568
4239 -2928
4170 -2569
5959 -3766
5546 -3047
5340 -2688
5133 -3287
5752 -4364
5684 -3526
4789 -4364
4514 -3885
3757 -4963
5477 -3646
6097 -5202
4514 -2928
4101 -5322
4376 -3646
6372 -3287
4858 -4484
6440 -2928
5477 -3406
3826 -2928
4858 -5442
4170 -3766
4101 -5083
3895 -5202
6303 -3646
4032 -3526
4720 -4005
4239 -3167
3895 -4963
3069 -3287
4995 -2808
3413 -4125
5064 -2928
4789 -3167
6441 -5082
3551 -2688
4514 -2688
3413 -3167
4583 -4484
6165 -2688
5959 -4723
3619 -3287
3482 -5202
6096 -3047
6303 -3406
6234 -4005
3688 -5322
6372 -3047
6096 -4005
4652 -4364
4170 -4723
5821 -4723
6234 -3526
6028 -2928
3620 -5202
6234 -4723
4376 -2688
5821 -3287
6096 -4723
3757 -4484
3482 -4005
4239 -4604
3138 -4364
5133 -4484
6372 -3766
4720 -4484
3688 -2928
3344 -3526
4308 -3766
3757 -5202
4445 -4245
4101 -3407
4651 -2928
3551 -4843
3138 -2688
5271 -5442
5271 -4005
5064 -5083
3344 -3287
5890 -3885
6096 -2808
4927 -5083
4583 -2569
5477 -3167
3964 -4604
3964 -5322
5271 -2808
4583 -5442
3551 -4604
3069 -3766
5133 -5442
5546 -4484
5753 -5322
3826 -5322
5890 -4364
5959 -5442
5752 -4843
4995 -2568
3275 -3167
5546 -2808
5477 -3885
5271 -3526
3275 -2688
5271 -4723
5890 -4125
4652 -3407
6028 -5082
4651 -2688
5477 -5083
6165 -2928
5959 -3526
4583 -3047
4858 -4723
3413 -3646
5064 -3885
3551 -3885
5546 -2568
4308 -4963
4514 -3167
3069 -2808
3757 -3526
5340 -2928
4720 -3766
3138 -3407
5821 -4005
3964 -5083
5408 -2808
6234 -2808
3344 -4245
5890 -3406
4789 -4843
4583 -2808
4652 -3885
5546 -3526
3963 -2928
5340 -5322
3620 -4724
5408 -3047
4101 -4364
4032 -2569
5959 -4005
5890 -5322
3276 -4604
4927 -3646
6165 -4843
4445 -4963
3344 -2569
3413 -4604
4858 -4005
4170 -4484
5064 -4604
4239 -5322
6303 -4843
3963 -2688
5202 -2928
3482 -3047
3344 -4484
3069 -5442
3482 -2569
5890 -2688
4170 -3047
4032 -3047
5202 -2688
5064 -4843
5340 -4604
4445 -4484
5890 -4604
4720 -3287
3207 -3526
3275 -3646
5821 -4244
6440 -3167
4032 -5442
4101 -4125
4170 -2808
3757 -5442
4101 -3167
3826 -2688
3826 -3885
3963 -3646
4308 -5442
4101 -3646
3275 -4125
4651 -3167
5408 -4963
5546 -5442
6028 -5322
4514 -3407
4307 -2808
5684 -3287
4445 -3766
3757 -3287
5202 -4125
3964 -4364
5202 -4364
5546 -4963
3344 -4963
3688 -3885
4032 -4005
4858 -3526
3482 -3526
6028 -4843
4376 -5322
3413 -5322
4376 -5083
5959 -4963
3482 -4963
4032 -5202
3826 -3646
6165 -4364
3207 -2569
5340 -5083
5615 -5083
6372 -5202
5202 -4604
3138 -2928
4927 -4125
5959 -5202
4720 -4963
3138 -4604
4445 -5442
5890 -3167
4239 -2688
6165 -5322
4858 -5202
3688 -2688
3688 -3167
4376 -3167
3688 -4604
6234 -4244
4101 -2688
5546 -4005
3688 -4364
5133 -3766
4996 -4484
4445 -2569
3895 -2569
3482 -3287
3895 -2808
5202 -3646
3551 -3646
3207 -2808
3344 -4005
3413 -4843
5408 -4723
5477 -4364
6234 -5202
4789 -4604
3688 -5083
4307 -2569
3757 -2569
5477 -2928
6096 -3287
5064 -3646
4789 -5322
3895 -3287
3895 -4723
3551 -5083
4858 -3287
4720 -3047
4514 -4125
4445 -3047
4583 -4245
5202 -4843
3413 -2688
3207 -4005
3619 -3766
3207 -4484
3551 -4125
3069 -3526
3963 -3167
6096 -4244
5615 -3646
4445 -3287
3069 -4963
5684 -2568
5064 -3167
4858 -4963
3895 -5442
3620 -5442
3482 -3766
4858 -2808
4996 -4723
5133 -4723
4927 -3885
3482 -4724
5821 -5442
4789 -5083
5133 -2808
4239 -3646
3895 -3766
3688 -3407
4789 -3407
4927 -2928
4583 -4005
5408 -4244
4927 -4364
3276 -4843
5202 -5083
6303 -5322
5615 -5322
5202 -3406
4376 -4125
5340 -4125
5684 -4963
3619 -2569
4720 -4245
4514 -5083
4583 -5202
4308 -4005
6234 -4963
6165 -4604
4101 -4843
3551 -4364
3207 -3287
6028 -2688
3688 -4843
5133 -4963
5340 -4364
5064 -5322
4514 -4843
5959 -4484
3551 -5322
6372 -4005
3069 -5202
5615 -3406
6440 -3885
4858 -4245
3413 -5083
3413 -4364
5959 -3047
5477 -4843
4308 -4723
3344 -3047
5408 -3526
3207 -4963
5546 -4723
6303 -4604
4032 -3287
3138 -4843
6303 -5082
5064 -2688
3964 -3885
5821 -4484
4170 -4005
4927 -5322
3963 -3407
5615 -3885
3551 -2928
4789 -3646
3757 -3766
4307 -3047
3207 -4245
5752 -5082
5890 -5082
5684 -3766
6234 -2568
4445 -5202
4927 -3407
4927 -4604
4652 -4604
4032 -4963
3551 -3167
5340 -4843
6303 -4125
5821 -3526
6440 -3646
6028 -3646
5821 -4963
4032 -4484
6028 -3885
4927 -2688
5752 -2688
4032 -3766
4376 -2928
5890 -3646
4032 -4723
6441 -4604
3826 -4364
4720 -3526
3069 -4005
6234 -3047
6165 -3406
4996 -4005
3482 -5442
5133 -2568
3276 -5322
4858 -2568
6234 -3766
3688 -4125
4170 -5202
5064 -3406
4996 -3526
4239 -4843
6440 -3406
5890 -4843
5959 -3287
4789 -4125
3688 -3646
3138 -5322
3138 -3646
5615 -4364
3482 -2808
5340 -3885
3620 -4484
5271 -3047
6372 -5442
4514 -3646
6372 -2808
6372 -3526
4583 -3766
4239 -4125
4308 -4245
3207 -4724
3413 -3885
4239 -3885
3551 -3407
5408 -3287
3620 -4005
4652 -5083
6441 -5322
4445 -4723
3482 -4484
5271 -3766
6165 -3885
5133 -3526
5133 -5202
4996 -3287
3757 -4005
6028 -4604
6441 -4843
4996 -5442
6303 -2688
5202 -3885
5340 -3406
5615 -4125
