1632.02 -1305.7
1589.47 -669.51
1539.89 -1185.9
1513.94 -710.24
1477.85 -763.87
1304.03 -1142.4
1291.34 -957.71
1282.49 -1725.4
1218.73 -806.56
1192.59 -1800.1
1202.12 -1886
1183.07 -950.97
1162.46 -593.51
1128.82 -1596.5
1115.86 -1021.4
1102.88 -1696
1074.92 -391.16
1045.9 -597.81
1037.4 -1865.2
1024.7 -469.54
1017.8 -1636.6
1006 -344.12
992.9 -1293.3
980.8 -1378.9
938.6 -1594.2
922.8 -822.23
923.3 -560.36
912.5 -742.3
913.1 -1751.6
882 -668.36
810.5 -241.57
800.9 -624.11
802.4 -103.12
798.2 -449.39
752.7 -1342.6
704.5 -407.86
618.2 -894.7
610.6 -1272.8
612.9 -1363.8
565.4 -421.27
553.6 -271.42
531.9 -1069
460.6 -426.59
417.4 -669.71
359.3 -782.61
348.1 -228.25
354.2 -442.86
341.4 -973.21
321 -1201.2
321.4 -854.77
1924.97 -855.84
1838.05 -469.57
1831.19 -1090.2
1801.58 -267.56
1785.95 -981.25
1769.95 -390.59
1734.44 -1117
1687.25 -520.51
1664.57 -980.24
1657.9 -799.96
1508.52 -527.31
1482.67 -621.1
1369.49 -571.13
1839.07 -1458
1802.32 -1738.7
1805 -1561.7
1812.68 -1319.2
1797.44 -1875.4
1712.56 -1428.9
1679.39 -152.2
1649.39 -334.16
1632.03 -1623.4
1575.96 -228.45
1575.84 -1829.6
1556.42 -1741.8
1566.09 -1418.1
1551.13 -363.87
1492.65 -291.89
1474.76 -1745
1466.01 -1617.6
1449.26 -1238
1457.75 -1875.9
1457.65 -402.8
1444.82 -238.72
1440.75 -1298.3
1427.06 -1401
1414.83 -312.93
1400.12 -448.36
1357.53 -699.92
1351.5 -1923.8
1339.72 -370.94
1298.05 -781.88
1244.38 -191.29
1232.85 -1960
1228.13 -739.38
1210.65 -374.81
1208 -1502.4
1171.89 -266
1156.03 -1357.2
1142.25 -446.9
1109.02 -1308.9
1124.85 -745.68
1106.51 -1460.8
1064.34 -799.79
992.3 -996.9
990.5 -886.81
969.6 -1198.5
956.3 -113.16
939.4 -280.75
907.5 -1444
894.4 -234.96
891.1 -404.65
874.3 -1127
786.5 -921.13
775.7 -796.06
490.8 -1336
421.9 -1794.6
270 -1383.3
